    00000000: f0 41 2d e9 10 40 07 e3 20 50 84 e2 14 60 94 e5
    00000010: 10 77 02 e3 10 00 94 e5 00 00 50 e3 01 00 00 0a
    00000020: 01 00 a0 e3 57 00 00 eb 05 00 a0 e1 51 00 00 eb
    00000030: 00 00 56 e3 01 00 00 0a 06 10 a0 e1 00 00 00 ea
    00000040: d0 12 00 e3 01 00 a0 e1 12 00 00 eb 01 10 a0 e3
    00000050: 04 00 95 e5 4a 00 00 eb 00 f0 20 e3 07 00 b0 e1
    00000060: 01 70 47 e2 fc ff ff 1a 00 00 00 eb f0 81 bd e8
    00000070: 10 02 07 e3 00 10 a0 e3 00 10 80 e5 04 10 80 e5
    00000080: 08 10 80 e5 0c 10 80 e5 04 10 9f e5 00 10 80 e5
    00000090: 1e ff 2f e1 44 52 41 4d 10 40 2d e9 00 20 a0 e1
    000000a0: 00 10 a0 e3 00 00 a0 e3 00 30 a0 e3 d8 40 9f e5
    000000b0: 28 00 94 e5 d4 00 9f e5 28 00 84 e5 02 01 80 e3
    000000c0: 28 00 84 e5 00 f0 20 e3 00 00 00 ea 01 10 81 e2
    000000d0: 01 0a 51 e3 fc ff ff 3a ac 40 9f e5 54 00 94 e5
    000000e0: 03 08 c0 e3 01 08 80 e3 54 00 84 e5 00 10 a0 e3
    000000f0: 00 00 00 ea 01 10 81 e2 01 0a 51 e3 fc ff ff 3a
    00000100: 30 40 a0 e3 12 f4 33 e7 7c 40 9f e5 00 00 94 e5
    00000110: 02 01 80 e3 1f 0c c0 e3 03 04 80 e1 30 00 c0 e3
    00000120: 10 00 80 e3 03 08 c0 e3 03 00 c0 e3 00 00 84 e5
    00000130: 54 00 94 e5 03 00 c0 e3 01 00 80 e3 30 00 c0 e3
    00000140: 10 00 80 e3 03 0c c0 e3 01 0c 80 e3 54 00 84 e5
    00000150: 54 00 94 e5 03 08 c0 e3 02 08 80 e3 54 00 84 e5
    00000160: 00 10 a0 e3 00 00 00 ea 01 10 81 e2 01 08 51 e3
    00000170: fc ff ff 3a 10 80 bd e8 00 10 a0 e1 00 00 a0 e3
    00000180: 1e ff 2f e1 1e ff 2f e1 1e ff 2f e1 00 00 c2 01
    00000190: 11 99 00 21 00 00 00 00 00 00 00 00 00 00 00 00
    000001a0: 00 00 00 00 00 00 00 00 00 00 00 00 00 00 00 00
    000001b0: 00 00 00 00 00 00 00 00 00 00 00 00 00 00 00 00
    000001c0: 00 00 00 00 00 00 00 00 00 00 00 00 00 00 00 00
    000001d0: 00 00 00 00 00 00 00 00 00 00 00 00 00 00 00 00
    000001e0: 00 00 00 00 00 00 00 00 00 00 00 00 00 00 00 00
    000001f0: 00 00 00 00 00 00 00 00 00 00 00 00 00 00 00 00
    00000200: 00 00 00 00 00 00 00 00 00 00 00 00 00 00 00 00
    00000210: 00 00 00 00 00 00 00 00 00 00 00 00 00 00 00 00
    00000220: 00 00 00 00 00 00 00 00 00 00 00 00 00 00 00 00
    00000230: 00 00 00 00 00 00 00 00 00 00 00 00 00 00 00 00
    00000240: 00 00 00 00 00 00 00 00 00 00 00 00 00 00 00 00
    00000250: 00 00 00 00 00 00 00 00 00 00 00 00 00 00 00 00
    00000260: 00 00 00 00 00 00 00 00 00 00 00 00 00 00 00 00
    00000270: 00 00 00 00 00 00 00 00 00 00 00 00 00 00 00 00
    00000280: 00 00 00 00 00 00 00 00 00 00 00 00 00 00 00 00
    00000290: 00 00 00 00 00 00 00 00 00 00 00 00 00 00 00 00
    000002a0: 00 00 00 00 00 00 00 00 00 00 00 00 00 00 00 00
    000002b0: 00 00 00 00 00 00 00 00 00 00 00 00 00 00 00 00
    000002c0: 00 00 00 00 00 00 00 00 00 00 00 00 00 00 00 00
    000002d0: 00 00 00 00 00 00 00 00 00 00 00 00 00 00 00 00
    000002e0: 00 00 00 00 00 00 00 00 00 00 00 00 00 00 00 00
    000002f0: 00 00 00 00 00 00 00 00 00 00 00 00 00 00 00 00
    00000300: 00 00 00 00 00 00 00 00 00 00 00 00 00 00 00 00
    00000310: 00 00 00 00 00 00 00 00 00 00 00 00 00 00 00 00
    00000320: 00 00 00 00 00 00 00 00 00 00 00 00 00 00 00 00
    00000330: 00 00 00 00 00 00 00 00 00 00 00 00 00 00 00 00
    00000340: 00 00 00 00 00 00 00 00 00 00 00 00 00 00 00 00
    00000350: 00 00 00 00 00 00 00 00 00 00 00 00 00 00 00 00
    00000360: 00 00 00 00 00 00 00 00 00 00 00 00 00 00 00 00
    00000370: 00 00 00 00 00 00 00 00 00 00 00 00 00 00 00 00
    00000380: 00 00 00 00 00 00 00 00 00 00 00 00 00 00 00 00
    00000390: 00 00 00 00 00 00 00 00 00 00 00 00 00 00 00 00
    000003a0: 00 00 00 00 00 00 00 00 00 00 00 00 00 00 00 00
    000003b0: 00 00 00 00 00 00 00 00 00 00 00 00 00 00 00 00
    000003c0: 00 00 00 00 00 00 00 00 00 00 00 00 00 00 00 00
    000003d0: 00 00 00 00 00 00 00 00 00 00 00 00 00 00 00 00
    000003e0: 00 00 00 00 00 00 00 00 00 00 00 00 00 00 00 00
    000003f0: 00 00 00 00 00 00 00 00 00 00 00 00 00 00 00 00
    00000400: 00 00 00 00 00 00 00 00 00 00 00 00 00 00 00 00
    00000410: 00 00 00 00 00 00 00 00 00 00 00 00 00 00 00 00
    00000420: 00 00 00 00 00 00 00 00 00 00 00 00 00 00 00 00
    00000430: 00 00 00 00 00 00 00 00 00 00 00 00 00 00 00 00
    00000440: 00 00 00 00 00 00 00 00 00 00 00 00 00 00 00 00
    00000450: 00 00 00 00 00 00 00 00 00 00 00 00 00 00 00 00
    00000460: 00 00 00 00 00 00 00 00 00 00 00 00 00 00 00 00
    00000470: 00 00 00 00 00 00 00 00 00 00 00 00 00 00 00 00
    00000480: 00 00 00 00 00 00 00 00 00 00 00 00 00 00 00 00
    00000490: 00 00 00 00 00 00 00 00 00 00 00 00 00 00 00 00
    000004a0: 00 00 00 00 00 00 00 00 00 00 00 00 00 00 00 00
    000004b0: 00 00 00 00 00 00 00 00 00 00 00 00 00 00 00 00
    000004c0: 00 00 00 00 00 00 00 00 00 00 00 00 00 00 00 00
    000004d0: 00 00 00 00 00 00 00 00 00 00 00 00 00 00 00 00
    000004e0: 00 00 00 00 00 00 00 00 00 00 00 00 00 00 00 00
    000004f0: 00 00 00 00 00 00 00 00 00 00 00 00 00 00 00 00
    00000500: 00 00 00 00 00 00 00 00 00 00 00 00 00 00 00 00
    00000510: 00 00 00 00 00 00 00 00 00 00 00 00 00 00 00 00
    00000520: 00 00 00 00 00 00 00 00 00 00 00 00 00 00 00 00
    00000530: 00 00 00 00 00 00 00 00 00 00 00 00 00 00 00 00
    00000540: 00 00 00 00 00 00 00 00 00 00 00 00 00 00 00 00
    00000550: 00 00 00 00 00 00 00 00 00 00 00 00 00 00 00 00
    00000560: 00 00 00 00 00 00 00 00 00 00 00 00 00 00 00 00
    00000570: 00 00 00 00 00 00 00 00 00 00 00 00 00 00 00 00
    00000580: 00 00 00 00 00 00 00 00 00 00 00 00 00 00 00 00
    00000590: 00 00 00 00 00 00 00 00 00 00 00 00 00 00 00 00
    000005a0: 00 00 00 00 00 00 00 00 00 00 00 00 00 00 00 00
    000005b0: 00 00 00 00 00 00 00 00 00 00 00 00 00 00 00 00
    000005c0: 00 00 00 00 00 00 00 00 00 00 00 00 00 00 00 00
    000005d0: 00 00 00 00 00 00 00 00 00 00 00 00 00 00 00 00
    000005e0: 00 00 00 00 00 00 00 00 00 00 00 00 00 00 00 00
    000005f0: 00 00 00 00 00 00 00 00 00 00 00 00 00 00 00 00
    00000600: 00 00 00 00 00 00 00 00 00 00 00 00 00 00 00 00
    00000610: 00 00 00 00 00 00 00 00 00 00 00 00 00 00 00 00
    00000620: 00 00 00 00 00 00 00 00 00 00 00 00 00 00 00 00
    00000630: 00 00 00 00 00 00 00 00 00 00 00 00 00 00 00 00
    00000640: 00 00 00 00 00 00 00 00 00 00 00 00 00 00 00 00
    00000650: 00 00 00 00 00 00 00 00 00 00 00 00 00 00 00 00
    00000660: 00 00 00 00 00 00 00 00 00 00 00 00 00 00 00 00
    00000670: 00 00 00 00 00 00 00 00 00 00 00 00 00 00 00 00
    00000680: 00 00 00 00 00 00 00 00 00 00 00 00 00 00 00 00
    00000690: 00 00 00 00 00 00 00 00 00 00 00 00 00 00 00 00
    000006a0: 00 00 00 00 00 00 00 00 00 00 00 00 00 00 00 00
    000006b0: 00 00 00 00 00 00 00 00 00 00 00 00 00 00 00 00
    000006c0: 00 00 00 00 00 00 00 00 00 00 00 00 00 00 00 00
    000006d0: 00 00 00 00 00 00 00 00 00 00 00 00 00 00 00 00
    000006e0: 00 00 00 00 00 00 00 00 00 00 00 00 00 00 00 00
    000006f0: 00 00 00 00 00 00 00 00 00 00 00 00 00 00 00 00
    00000700: 00 00 00 00 00 00 00 00 00 00 00 00 00 00 00 00
    00000710: 00 00 00 00 00 00 00 00 00 00 00 00 00 00 00 00
    00000720: 00 00 00 00 00 00 00 00 00 00 00 00 00 00 00 00
    00000730: 00 00 00 00 00 00 00 00 00 00 00 00 00 00 00 00
    00000740: 00 00 00 00 00 00 00 00 00 00 00 00 00 00 00 00
    00000750: 00 00 00 00 00 00 00 00 00 00 00 00 00 00 00 00
    00000760: 00 00 00 00 00 00 00 00 00 00 00 00 00 00 00 00
    00000770: 00 00 00 00 00 00 00 00 00 00 00 00 00 00 00 00
    00000780: 00 00 00 00 00 00 00 00 00 00 00 00 00 00 00 00
    00000790: 00 00 00 00 00 00 00 00 00 00 00 00 00 00 00 00
    000007a0: 00 00 00 00 00 00 00 00 00 00 00 00 00 00 00 00
    000007b0: 00 00 00 00 00 00 00 00 00 00 00 00 00 00 00 00
    000007c0: 00 00 00 00 00 00 00 00 00 00 00 00 00 00 00 00
    000007d0: 00 00 00 00 00 00 00 00 00 00 00 00 00 00 00 00
    000007e0: 00 00 00 00 00 00 00 00 00 00 00 00 00 00 00 00
    000007f0: 00 00 00 00 00 00 00 00 00 00 00 00 00 00 00 00
    00000800: 00 00 00 00 00 00 00 00 00 00 00 00 00 00 00 00
    00000810: 00 00 00 00 00 00 00 00 00 00 00 00 00 00 00 00
    00000820: 00 00 00 00 00 00 00 00 00 00 00 00 00 00 00 00
    00000830: 00 00 00 00 00 00 00 00 00 00 00 00 00 00 00 00
    00000840: 00 00 00 00 00 00 00 00 00 00 00 00 00 00 00 00
    00000850: 00 00 00 00 00 00 00 00 00 00 00 00 00 00 00 00
    00000860: 00 00 00 00 00 00 00 00 00 00 00 00 00 00 00 00
    00000870: 00 00 00 00 00 00 00 00 00 00 00 00 00 00 00 00
    00000880: 00 00 00 00 00 00 00 00 00 00 00 00 00 00 00 00
    00000890: 00 00 00 00 00 00 00 00 00 00 00 00 00 00 00 00
    000008a0: 00 00 00 00 00 00 00 00 00 00 00 00 00 00 00 00
    000008b0: 00 00 00 00 00 00 00 00 00 00 00 00 00 00 00 00
    000008c0: 00 00 00 00 00 00 00 00 00 00 00 00 00 00 00 00
    000008d0: 00 00 00 00 00 00 00 00 00 00 00 00 00 00 00 00
    000008e0: 00 00 00 00 00 00 00 00 00 00 00 00 00 00 00 00
    000008f0: 00 00 00 00 00 00 00 00 00 00 00 00 00 00 00 00
    00000900: 00 00 00 00 00 00 00 00 00 00 00 00 00 00 00 00
    00000910: 00 00 00 00 00 00 00 00 00 00 00 00 00 00 00 00
    00000920: 00 00 00 00 00 00 00 00 00 00 00 00 00 00 00 00
    00000930: 00 00 00 00 00 00 00 00 00 00 00 00 00 00 00 00
    00000940: 00 00 00 00 00 00 00 00 00 00 00 00 00 00 00 00
    00000950: 00 00 00 00 00 00 00 00 00 00 00 00 00 00 00 00
    00000960: 00 00 00 00 00 00 00 00 00 00 00 00 00 00 00 00
    00000970: 00 00 00 00 00 00 00 00 00 00 00 00 00 00 00 00
    00000980: 00 00 00 00 00 00 00 00 00 00 00 00 00 00 00 00
    00000990: 00 00 00 00 00 00 00 00 00 00 00 00 00 00 00 00
    000009a0: 00 00 00 00 00 00 00 00 00 00 00 00 00 00 00 00
    000009b0: 00 00 00 00 00 00 00 00 00 00 00 00 00 00 00 00
    000009c0: 00 00 00 00 00 00 00 00 00 00 00 00 00 00 00 00
    000009d0: 00 00 00 00 00 00 00 00 00 00 00 00 00 00 00 00
    000009e0: 00 00 00 00 00 00 00 00 00 00 00 00 00 00 00 00
    000009f0: 00 00 00 00 00 00 00 00 00 00 00 00 00 00 00 00
    00000a00: 00 00 00 00 00 00 00 00 00 00 00 00 00 00 00 00
    00000a10: 00 00 00 00 00 00 00 00 00 00 00 00 00 00 00 00
    00000a20: 00 00 00 00 00 00 00 00 00 00 00 00 00 00 00 00
    00000a30: 00 00 00 00 00 00 00 00 00 00 00 00 00 00 00 00
    00000a40: 00 00 00 00 00 00 00 00 00 00 00 00 00 00 00 00
    00000a50: 00 00 00 00 00 00 00 00 00 00 00 00 00 00 00 00
    00000a60: 00 00 00 00 00 00 00 00 00 00 00 00 00 00 00 00
    00000a70: 00 00 00 00 00 00 00 00 00 00 00 00 00 00 00 00
    00000a80: 00 00 00 00 00 00 00 00 00 00 00 00 00 00 00 00
    00000a90: 00 00 00 00 00 00 00 00 00 00 00 00 00 00 00 00
    00000aa0: 00 00 00 00 00 00 00 00 00 00 00 00 00 00 00 00
    00000ab0: 00 00 00 00 00 00 00 00 00 00 00 00 00 00 00 00
    00000ac0: 00 00 00 00 00 00 00 00 00 00 00 00 00 00 00 00
    00000ad0: 00 00 00 00 00 00 00 00 00 00 00 00 00 00 00 00
