    00000000: 53 59 53 5f 50 41 52 41 00 01 00 00 00 00 00 00
    00000010: 00 00 00 00 00 00 00 00 00 00 00 00 00 00 00 00
    00000020: 00 00 00 00 00 00 00 00 00 00 00 00 c1 4a 7c 00
    00000030: 00 00 00 00 00 00 00 40 b0 01 00 00 03 00 00 00
    00000040: ff ff ff ff ff ff ff ff ff ff ff ff ff ff ff ff
    00000050: 09 00 00 00 7f 00 00 00 00 00 00 00 ff ff ff ff
    00000060: b7 99 d8 42 90 a0 00 00 00 2a 02 00 00 00 00 00
    00000070: 01 00 00 00 00 00 00 00 04 00 00 00 10 00 00 00
    00000080: 00 00 00 00 00 00 00 00 00 00 00 00 00 00 00 00
    00000090: 00 00 00 00 00 00 00 00 00 00 00 00 00 00 00 00
    000000a0: 00 00 00 00 00 00 00 00 00 00 00 00 00 00 00 00
    000000b0: 00 00 00 00 00 00 00 00 00 00 00 00 00 00 00 00
    000000c0: 00 00 00 00 00 00 00 00 00 00 00 00 00 00 00 00
    000000d0: 00 00 00 00 00 00 00 00 00 00 00 00 00 00 00 00
    000000e0: 00 00 00 00 00 00 00 00 00 00 00 00 00 00 00 00
    000000f0: 00 00 00 00 00 00 00 00 00 00 00 00 00 00 00 00
    00000100: 00 00 00 00 00 00 00 00 00 00 00 00 00 00 00 00
    00000110: 00 00 00 00 00 00 00 00 00 00 00 00 00 00 00 00
    00000120: 00 00 00 00 00 00 00 00 00 00 00 00 00 00 00 00
    00000130: 00 00 00 00 00 00 00 00 00 00 00 00 00 00 00 00
    00000140: 00 00 00 00 00 00 00 00 00 00 00 00 00 00 00 00
    00000150: 00 00 00 00 00 00 00 00 00 00 00 00 00 00 00 00
    00000160: 00 00 00 00 00 00 00 00 00 00 00 00 00 00 00 00
    00000170: 00 00 00 00 00 00 00 00 00 00 00 00 00 00 00 00
    00000180: 00 00 00 00 00 00 00 00 00 00 00 00 00 00 00 00
    00000190: 00 00 00 00 00 00 00 00 00 00 00 00 00 00 00 00
    000001a0: 00 00 00 00 00 00 00 00 00 00 00 00 00 00 00 00
    000001b0: 00 00 00 00 00 00 00 00 00 00 00 00 00 00 00 00
    000001c0: 00 00 00 00 00 00 00 00 00 00 00 00 00 00 00 00
    000001d0: 00 00 00 00 00 00 00 00 00 00 00 00 00 00 00 00
    000001e0: 00 00 00 00 00 00 00 00 00 00 00 00 00 00 00 00
    000001f0: 00 00 00 00 00 00 00 00 00 00 00 00 00 00 00 00
    00000200: 00 00 00 00 00 00 00 00 00 00 00 00 00 00 00 00
    00000210: 00 00 00 00 00 00 00 00 08 00 00 00 00 00 00 00
    00000220: 00 00 00 00 00 00 00 00 00 00 00 00 00 00 00 00
    00000230: 00 00 00 00 00 00 00 00 00 00 00 00 00 00 00 00
    00000240: 00 00 00 00 00 00 00 00 00 00 00 00 00 00 00 00
    00000250: 00 00 00 00 00 00 00 00 00 00 00 00 00 00 00 00
    00000260: 00 00 00 00 00 00 00 00 00 00 00 00 00 00 00 00
    00000270: 00 00 00 00 00 00 00 00 00 00 00 00 00 00 00 00
    00000280: 00 00 00 00 00 00 00 00 00 00 00 00 00 00 00 00
    00000290: 00 00 00 00 00 00 00 00 00 00 00 00 00 00 00 00
    000002a0: 00 00 00 00 00 00 00 00 00 00 00 00 00 00 00 00
    000002b0: 00 00 00 00 00 00 00 00 00 00 00 00 00 00 00 00
    000002c0: 00 00 00 00 00 00 00 00 00 00 00 00 00 00 00 00
    000002d0: 00 00 00 00 00 00 00 00 00 00 00 00 00 00 00 00
    000002e0: 00 00 00 00 00 00 00 00 00 00 00 00 00 00 00 00
    000002f0: 00 00 00 00 00 00 00 00 00 00 00 00 00 00 00 00
    00000300: 00 00 00 00 00 00 00 00 00 00 00 00 00 00 00 00
    00000310: 00 00 00 00 00 00 00 00 00 00 00 00 00 00 00 00
    00000320: 00 00 00 00 00 00 00 00 00 00 00 00 00 00 00 00
    00000330: 00 00 00 00 00 00 00 00 00 00 00 00 00 00 00 00
    00000340: 00 00 00 00 00 00 00 00 00 00 00 00 00 00 00 00
    00000350: 00 00 00 00 00 00 00 00 00 00 00 00 00 00 00 00
    00000360: 00 00 00 00 00 00 00 00 00 00 00 00 00 00 00 00
    00000370: 00 00 00 00 00 00 00 00 00 00 00 00 00 00 00 00
    00000380: 00 00 00 00 00 00 00 00 00 00 00 00 00 00 00 00
    00000390: 00 00 00 00 00 00 00 00 00 00 00 00 00 00 00 00
    000003a0: 00 00 00 00 00 00 00 00 00 00 00 00 00 00 00 00
    000003b0: 00 00 00 00 00 00 00 00 00 00 00 00 00 00 00 00
    000003c0: 00 00 00 00 00 00 00 00 00 00 00 00 00 00 00 00
    000003d0: 00 00 00 00 00 00 00 00 00 00 00 00 00 00 00 00
    000003e0: 00 00 00 00 00 00 00 00 00 00 00 00 00 00 00 00
    000003f0: 00 00 00 00 00 00 00 00 00 00 00 00 00 00 00 00
    00000400: 00 00 00 00 00 00 00 00 00 00 00 00 00 00 00 00
    00000410: 00 00 00 00 00 00 00 00 00 00 00 00 00 00 00 00
    00000420: 00 00 00 00 00 00 00 00 00 00 00 00 00 00 00 00
    00000430: 00 00 00 00 00 00 00 00 00 00 00 00 00 00 00 00
    00000440: 00 00 00 00 00 00 00 00 00 00 00 00 00 00 00 00
    00000450: 00 00 00 00 00 00 00 00 00 00 00 00 00 00 00 00
    00000460: 00 00 00 00 00 00 00 00 00 00 00 00 00 00 00 00
    00000470: 00 00 00 00 00 00 00 00 00 00 00 00 00 00 00 00
    00000480: 00 00 00 00 00 00 00 00 00 00 00 00 00 00 00 00
    00000490: 00 00 00 00 00 00 00 00 00 00 00 00 00 00 00 00
    000004a0: 00 00 00 00 00 00 00 00 00 00 00 00 00 00 00 00
    000004b0: 00 00 00 00 00 00 00 00 00 00 00 00 00 00 00 00
    000004c0: 00 00 00 00 00 00 00 00 00 00 00 00 00 00 00 00
    000004d0: 00 00 00 00 00 00 00 00 00 00 00 00 00 00 00 00
    000004e0: 00 00 00 00 00 00 00 00 00 00 00 00 00 00 00 00
    000004f0: 00 00 00 00 00 00 00 00 00 00 00 00 00 00 00 00
    00000500: 00 00 00 00 00 00 00 00 00 00 00 00 00 00 00 00
    00000510: 00 00 00 00 00 00 00 00 00 00 00 00 00 00 00 00
    00000520: 00 00 00 00 00 00 00 00 00 00 00 00 00 00 00 00
    00000530: 00 00 00 00 00 00 00 00 00 00 00 00 00 00 00 00
    00000540: 00 00 00 00 00 00 00 00 00 00 00 00 00 00 00 00
    00000550: 00 00 00 00 00 00 00 00 00 00 00 00 00 00 00 00
    00000560: 00 00 00 00 00 00 00 00 00 00 00 00 00 00 00 00
    00000570: 00 00 00 00 00 00 00 00 00 00 00 00 00 00 00 00
    00000580: 00 00 00 00 00 00 00 00 00 00 00 00 00 00 00 00
    00000590: 00 00 00 00 00 00 00 00 00 00 00 00 00 00 00 00
    000005a0: 00 00 00 00 00 00 00 00 00 00 00 00 00 00 00 00
    000005b0: 00 00 00 00 00 00 00 00 00 00 00 00 00 00 00 00
    000005c0: 00 00 00 00 00 00 00 00 00 00 00 00 00 00 00 00
    000005d0: 00 00 00 00 00 00 00 00 00 00 00 00 00 00 00 00
    000005e0: 00 00 00 00 00 00 00 00 00 00 00 00 00 00 00 00
    000005f0: 00 00 00 00 00 00 00 00 00 00 00 00 00 00 00 00
    00000600: 00 00 00 00 00 00 00 00 00 00 00 00 00 00 00 00
    00000610: 00 00 00 00 00 00 00 00 00 00 00 00 00 00 00 00
    00000620: 00 00 00 00 00 00 00 00 00 00 00 00 00 00 00 00
    00000630: 00 00 00 00 00 00 00 00 00 00 00 00 00 00 00 00
    00000640: 00 00 00 00 00 00 00 00 00 00 00 00 00 00 00 00
    00000650: 00 00 00 00 00 00 00 00 00 00 00 00 00 00 00 00
    00000660: 00 00 00 00 00 00 00 00 00 00 00 00 00 00 00 00
    00000670: 00 00 00 00 00 00 00 00 00 00 00 00 00 00 00 00
    00000680: 00 00 00 00 00 00 00 00 00 00 00 00 00 00 00 00
    00000690: 00 00 00 00 00 00 00 00 00 00 00 00 00 00 00 00
    000006a0: 00 00 00 00 00 00 00 00 00 00 00 00 00 00 00 00
    000006b0: 00 00 00 00 00 00 00 00 00 00 00 00 00 00 00 00
    000006c0: 00 00 00 00 00 00 00 00 00 00 00 00 00 00 00 00
    000006d0: 00 00 00 00 00 00 00 00 00 00 00 00 00 00 00 00
    000006e0: 00 00 00 00 00 00 00 00 00 00 00 00 00 00 00 00
    000006f0: 00 00 00 00 00 00 00 00 00 00 00 00 00 00 00 00
    00000700: 00 00 00 00 00 00 00 00 00 00 00 00 00 00 00 00
    00000710: 00 00 00 00 00 00 00 00 00 00 00 00 00 00 00 00
    00000720: 00 00 00 00 00 00 00 00 00 00 00 00 00 00 00 00
    00000730: 00 00 00 00 00 00 00 00 00 00 00 00 00 00 00 00
    00000740: 00 00 00 00 00 00 00 00 00 00 00 00 00 00 00 00
    00000750: 00 00 00 00 00 00 00 00 00 00 00 00 00 00 00 00
    00000760: 00 00 00 00 00 00 00 00 00 00 00 00 00 00 00 00
    00000770: 00 00 00 00 00 00 00 00 00 00 00 00 00 00 00 00
    00000780: 00 00 00 00 00 00 00 00 00 00 00 00 00 00 00 00
    00000790: 00 00 00 00 00 00 00 00 00 00 00 00 00 00 00 00
    000007a0: 00 00 00 00 00 00 00 00 00 00 00 00 00 00 00 00
    000007b0: 00 00 00 00 00 00 00 00 00 00 00 00 00 00 00 00
    000007c0: 00 00 00 00 00 00 00 00 00 00 00 00 00 00 00 00
    000007d0: 00 00 00 00 00 00 00 00 00 00 00 00 00 00 00 00
    000007e0: 00 00 00 00 00 00 00 00 00 00 00 00 00 00 00 00
    000007f0: 00 00 00 00 00 00 00 00 00 00 00 00 00 00 00 00
    00000800: 00 00 00 00 00 00 00 00 00 00 00 00 00 00 00 00
    00000810: 00 00 00 00 00 00 00 00 00 00 00 00 00 00 00 00
    00000820: 00 00 00 00 00 00 00 00 00 00 00 00 00 00 00 00
    00000830: 00 00 00 00 00 00 00 00 00 00 00 00 00 00 00 00
    00000840: 00 00 00 00 00 00 00 00 00 00 00 00 00 00 00 00
    00000850: 00 00 00 00 00 00 00 00 00 00 00 00 00 00 00 00
    00000860: 00 00 00 00 00 00 00 00 00 00 00 00 00 00 00 00
    00000870: 00 00 00 00 00 00 00 00 00 00 00 00 00 00 00 00
    00000880: 00 00 00 00 00 00 00 00 00 00 00 00 00 00 00 00
    00000890: 00 00 00 00 00 00 00 00 00 00 00 00 00 00 00 00
    000008a0: 00 00 00 00 00 00 00 00 00 00 00 00 00 00 00 00
    000008b0: 00 00 00 00 00 00 00 00 00 00 00 00 00 00 00 00
    000008c0: 00 00 00 00 00 00 00 00 00 00 00 00 00 00 00 00
    000008d0: 00 00 00 00 00 00 00 00 00 00 00 00 00 00 00 00
    000008e0: 00 00 00 00 00 00 00 00 00 00 00 00 00 00 00 00
    000008f0: 00 00 00 00 00 00 00 00 00 00 00 00 00 00 00 00
    00000900: 00 00 00 00 00 00 00 00 00 00 00 00 00 00 00 00
    00000910: 00 00 00 00 00 00 00 00 00 00 00 00 00 00 00 00
    00000920: 00 00 00 00 00 00 00 00 00 00 00 00 00 00 00 00
    00000930: 00 00 00 00 00 00 00 00 00 00 00 00 00 00 00 00
    00000940: 00 00 00 00 00 00 00 00 00 00 00 00 00 00 00 00
    00000950: 00 00 00 00 00 00 00 00 00 00 00 00 00 00 00 00
    00000960: 00 00 00 00 00 00 00 00 00 00 00 00 00 00 00 00
    00000970: 00 00 00 00 00 00 00 00 00 00 00 00 00 00 00 00
    00000980: 00 00 00 00 00 00 00 00 00 00 00 00 00 00 00 00
    00000990: 00 00 00 00 00 00 00 00 00 00 00 00 00 00 00 00
    000009a0: 00 00 00 00 00 00 00 00 00 00 00 00 00 00 00 00
    000009b0: 00 00 00 00 00 00 00 00 00 00 00 00 00 00 00 00
    000009c0: 00 00 00 00 00 00 00 00 00 00 00 00 00 00 00 00
    000009d0: 00 00 00 00 00 00 00 00 00 00 00 00 00 00 00 00
    000009e0: 00 00 00 00 00 00 00 00 00 00 00 00 00 00 00 00
    000009f0: 00 00 00 00 00 00 00 00 00 00 00 00 00 00 00 00
    00000a00: 00 00 00 00 00 00 00 00 00 00 00 00 00 00 00 00
    00000a10: 00 00 00 00 00 00 00 00 00 00 00 00 00 40 00 00
    00000a20: 02 00 00 00 00 00 00 00 00 00 01 00 44 49 53 4b
    00000a30: 00 00 00 00 00 00 00 00 00 00 00 00 00 00 00 00
    00000a40: 00 00 00 00 00 00 00 00 00 00 00 00 62 6f 6f 74
    00000a50: 6c 6f 61 64 65 72 00 00 00 00 00 00 00 00 00 00
    00000a60: 00 00 00 00 00 00 00 00 00 00 00 00 00 00 00 00
    00000a70: 00 00 00 00 00 00 00 00 00 00 00 00 00 00 00 00
    00000a80: 00 00 00 00 00 00 00 00 00 00 00 00 00 00 00 00
    00000a90: 00 00 20 00 44 49 53 4b 00 00 00 00 00 00 00 00
    00000aa0: 00 00 00 00 00 00 00 00 00 00 00 00 00 00 00 00
    00000ab0: 00 00 00 00 72 6f 6f 74 66 73 00 00 00 00 00 00
    00000ac0: 00 00 00 00 00 00 00 00 00 00 00 00 00 00 00 00
    00000ad0: 00 00 00 00 00 00 00 00 00 00 00 00 00 00 00 00
    00000ae0: 00 00 00 00 00 00 00 00 00 00 00 00 00 00 00 00
    00000af0: 00 00 00 00 00 00 00 00 00 00 00 00 00 00 00 00
    00000b00: 00 00 00 00 00 00 00 00 00 00 00 00 00 00 00 00
    00000b10: 00 00 00 00 00 00 00 00 00 00 00 00 00 00 00 00
    00000b20: 00 00 00 00 00 00 00 00 00 00 00 00 00 00 00 00
    00000b30: 00 00 00 00 00 00 00 00 00 00 00 00 00 00 00 00
    00000b40: 00 00 00 00 00 00 00 00 00 00 00 00 00 00 00 00
    00000b50: 00 00 00 00 00 00 00 00 00 00 00 00 00 00 00 00
    00000b60: 00 00 00 00 00 00 00 00 00 00 00 00 00 00 00 00
    00000b70: 00 00 00 00 00 00 00 00 00 00 00 00 00 00 00 00
    00000b80: 00 00 00 00 00 00 00 00 00 00 00 00 00 00 00 00
    00000b90: 00 00 00 00 00 00 00 00 00 00 00 00 00 00 00 00
    00000ba0: 00 00 00 00 00 00 00 00 00 00 00 00 00 00 00 00
    00000bb0: 00 00 00 00 00 00 00 00 00 00 00 00 00 00 00 00
    00000bc0: 00 00 00 00 00 00 00 00 00 00 00 00 00 00 00 00
    00000bd0: 00 00 00 00 00 00 00 00 00 00 00 00 00 00 00 00
    00000be0: 00 00 00 00 00 00 00 00 00 00 00 00 00 00 00 00
    00000bf0: 00 00 00 00 00 00 00 00 00 00 00 00 00 00 00 00
    00000c00: 00 00 00 00 00 00 00 00 00 00 00 00 00 00 00 00
    00000c10: 00 00 00 00 00 00 00 00 00 00 00 00 00 00 00 00
    00000c20: 00 00 00 00 00 00 00 00 00 00 00 00 00 00 00 00
    00000c30: 00 00 00 00 00 00 00 00 00 00 00 00 00 00 00 00
    00000c40: 00 00 00 00 00 00 00 00 00 00 00 00 00 00 00 00
    00000c50: 00 00 00 00 00 00 00 00 00 00 00 00 00 00 00 00
    00000c60: 00 00 00 00 00 00 00 00 00 00 00 00 00 00 00 00
    00000c70: 00 00 00 00 00 00 00 00 00 00 00 00 00 00 00 00
    00000c80: 00 00 00 00 00 00 00 00 00 00 00 00 00 00 00 00
    00000c90: 00 00 00 00 00 00 00 00 00 00 00 00 00 00 00 00
    00000ca0: 00 00 00 00 00 00 00 00 00 00 00 00 00 00 00 00
    00000cb0: 00 00 00 00 00 00 00 00 00 00 00 00 00 00 00 00
    00000cc0: 00 00 00 00 00 00 00 00 00 00 00 00 00 00 00 00
    00000cd0: 00 00 00 00 00 00 00 00 00 00 00 00 00 00 00 00
    00000ce0: 00 00 00 00 00 00 00 00 00 00 00 00 00 00 00 00
    00000cf0: 00 00 00 00 00 00 00 00 00 00 00 00 00 00 00 00
    00000d00: 00 00 00 00 00 00 00 00 00 00 00 00 00 00 00 00
    00000d10: 00 00 00 00 00 00 00 00 00 00 00 00 00 00 00 00
    00000d20: 00 00 00 00 00 00 00 00 00 00 00 00 00 00 00 00
    00000d30: 00 00 00 00 00 00 00 00 00 00 00 00 00 00 00 00
    00000d40: 00 00 00 00 00 00 00 00 00 00 00 00 00 00 00 00
    00000d50: 00 00 00 00 00 00 00 00 00 00 00 00 00 00 00 00
    00000d60: 00 00 00 00 00 00 00 00 00 00 00 00 00 00 00 00
    00000d70: 00 00 00 00 00 00 00 00 00 00 00 00 00 00 00 00
    00000d80: 00 00 00 00 00 00 00 00 00 00 00 00 00 00 00 00
    00000d90: 00 00 00 00 00 00 00 00 00 00 00 00 00 00 00 00
    00000da0: 00 00 00 00 00 00 00 00 00 00 00 00 00 00 00 00
    00000db0: 00 00 00 00 00 00 00 00 00 00 00 00 00 00 00 00
    00000dc0: 00 00 00 00 00 00 00 00 00 00 00 00 00 00 00 00
    00000dd0: 00 00 00 00 00 00 00 00 00 00 00 00 00 00 00 00
    00000de0: 00 00 00 00 00 00 00 00 00 00 00 00 00 00 00 00
    00000df0: 00 00 00 00 00 00 00 00 00 00 00 00 00 00 00 00
    00000e00: 00 00 00 00 00 00 00 00 00 00 00 00 00 00 00 00
    00000e10: 00 00 00 00 00 00 00 00 00 00 00 00 00 00 00 00
    00000e20: 00 00 00 00 00 00 00 00 00 00 00 00 00 00 00 00
    00000e30: 00 00 00 00 00 00 00 00 00 00 00 00 00 00 00 00
    00000e40: 00 00 00 00 00 00 00 00 00 00 00 00 00 00 00 00
    00000e50: 00 00 00 00 00 00 00 00 00 00 00 00 00 00 00 00
    00000e60: 00 00 00 00 00 00 00 00 00 00 00 00 00 00 00 00
    00000e70: 00 00 00 00 00 00 00 00 00 00 00 00 00 00 00 00
    00000e80: 00 00 00 00 00 00 00 00 00 00 00 00 00 00 00 00
    00000e90: 00 00 00 00 00 00 00 00 00 00 00 00 00 00 00 00
    00000ea0: 00 00 00 00 00 00 00 00 00 00 00 00 00 00 00 00
    00000eb0: 00 00 00 00 00 00 00 00 00 00 00 00 00 00 00 00
    00000ec0: 00 00 00 00 00 00 00 00 00 00 00 00 00 00 00 00
    00000ed0: 00 00 00 00 00 00 00 00 00 00 00 00 00 00 00 00
    00000ee0: 00 00 00 00 00 00 00 00 00 00 00 00 00 00 00 00
    00000ef0: 00 00 00 00 00 00 00 00 00 00 00 00 00 00 00 00
    00000f00: 00 00 00 00 00 00 00 00 00 00 00 00 00 00 00 00
    00000f10: 00 00 00 00 00 00 00 00 00 00 00 00 00 00 00 00
    00000f20: 00 00 00 00 00 00 00 00 00 00 00 00 00 00 00 00
    00000f30: 00 00 00 00 00 00 00 00 00 00 00 00 00 00 00 00
    00000f40: 00 00 00 00 00 00 00 00 00 00 00 00 00 00 00 00
    00000f50: 00 00 00 00 00 00 00 00 00 00 00 00 00 00 00 00
    00000f60: 00 00 00 00 00 00 00 00 00 00 00 00 00 00 00 00
    00000f70: 00 00 00 00 00 00 00 00 00 00 00 00 00 00 00 00
    00000f80: 00 00 00 00 00 00 00 00 00 00 00 00 00 00 00 00
    00000f90: 00 00 00 00 00 00 00 00 00 00 00 00 00 00 00 00
    00000fa0: 00 00 00 00 00 00 00 00 00 00 00 00 00 00 00 00
    00000fb0: 00 00 00 00 00 00 00 00 00 00 00 00 00 00 00 00
    00000fc0: 00 00 00 00 00 00 00 00 00 00 00 00 00 00 00 00
    00000fd0: 00 00 00 00 00 00 00 00 00 00 00 00 00 00 00 00
    00000fe0: 00 00 00 00 00 00 00 00 00 00 00 00 00 00 00 00
    00000ff0: 00 00 00 00 00 00 00 00 00 00 00 00 00 00 00 00
    00001000: 00 00 00 00 00 00 00 00 00 00 00 00 00 00 00 00
    00001010: 00 00 00 00 00 00 00 00 00 00 00 00 00 00 00 00
    00001020: 00 00 00 00 00 00 00 00 00 00 00 00 00 00 00 00
    00001030: 00 00 00 00 00 00 00 00 00 00 00 00 00 00 00 00
    00001040: 00 00 00 00 00 00 00 00 00 00 00 00 00 00 00 00
    00001050: 00 00 00 00 00 00 00 00 00 00 00 00 00 00 00 00
    00001060: 00 00 00 00 00 00 00 00 00 00 00 00 00 00 00 00
    00001070: 00 00 00 00 00 00 00 00 00 00 00 00 00 00 00 00
    00001080: 00 00 00 00 00 00 00 00 00 00 00 00 00 00 00 00
    00001090: 00 00 00 00 00 00 00 00 00 00 00 00 00 00 00 00
    000010a0: 00 00 00 00 00 00 00 00 00 00 00 00 00 00 00 00
    000010b0: 00 00 00 00 00 00 00 00 00 00 00 00 00 00 00 00
    000010c0: 00 00 00 00 00 00 00 00 00 00 00 00 00 00 00 00
    000010d0: 00 00 00 00 00 00 00 00 00 00 00 00 00 00 00 00
    000010e0: 00 00 00 00 00 00 00 00 00 00 00 00 00 00 00 00
    000010f0: 00 00 00 00 00 00 00 00 00 00 00 00 00 00 00 00
    00001100: 00 00 00 00 00 00 00 00 00 00 00 00 00 00 00 00
    00001110: 00 00 00 00 00 00 00 00 00 00 00 00 00 00 00 00
    00001120: 00 00 00 00 00 00 00 00 00 00 00 00 00 00 00 00
    00001130: 00 00 00 00 00 00 00 00 00 00 00 00 00 00 00 00
    00001140: 00 00 00 00 00 00 00 00 00 00 00 00 00 00 00 00
    00001150: 00 00 00 00 00 00 00 00 00 00 00 00 00 00 00 00
    00001160: 00 00 00 00 00 00 00 00 00 00 00 00 00 00 00 00
    00001170: 00 00 00 00 00 00 00 00 00 00 00 00 00 00 00 00
    00001180: 00 00 00 00 00 00 00 00 00 00 00 00 00 00 00 00
    00001190: 00 00 00 00 00 00 00 00 00 00 00 00 00 00 00 00
    000011a0: 00 00 00 00 00 00 00 00 00 00 00 00 00 00 00 00
    000011b0: 00 00 00 00 00 00 00 00 00 00 00 00 00 00 00 00
    000011c0: 00 00 00 00 00 00 00 00 00 00 00 00 00 00 00 00
    000011d0: 00 00 00 00 00 00 00 00 00 00 00 00 00 00 00 00
    000011e0: 00 00 00 00 00 00 00 00 00 00 00 00 00 00 00 00
    000011f0: 00 00 00 00 00 00 00 00 00 00 00 00 00 00 00 00
    00001200: 00 00 00 00 00 00 00 00 00 00 00 00 00 00 00 00
    00001210: 00 00 00 00 00 00 00 00 00 00 00 00 00 00 00 00
    00001220: 00 00 00 00 00 00 00 00 00 00 00 00 00 00 00 00
    00001230: 00 00 00 00 00 00 00 00 00 00 00 00 00 00 00 00
    00001240: 00 00 00 00 00 00 00 00 00 00 00 00 00 00 00 00
    00001250: 00 00 00 00 00 00 00 00 00 00 00 00 00 00 00 00
    00001260: 00 00 00 00 00 00 00 00 00 00 00 00 00 00 00 00
    00001270: 00 00 00 00 00 00 00 00 00 00 00 00 00 00 00 00
    00001280: 00 00 00 00 00 00 00 00 00 00 00 00 00 00 00 00
    00001290: 00 00 00 00 00 00 00 00 00 00 00 00 00 00 00 00
    000012a0: 00 00 00 00 00 00 00 00 00 00 00 00 00 00 00 00
    000012b0: 00 00 00 00 00 00 00 00 00 00 00 00 00 00 00 00
    000012c0: 00 00 00 00 00 00 00 00 00 00 00 00 00 00 00 00
    000012d0: 00 00 00 00 00 00 00 00 00 00 00 00 00 00 00 00
    000012e0: 00 00 00 00 00 00 00 00 00 00 00 00 00 00 00 00
    000012f0: 00 00 00 00 00 00 00 00 00 00 00 00 00 00 00 00
    00001300: 00 00 00 00 00 00 00 00 00 00 00 00 00 00 00 00
    00001310: 00 00 00 00 00 00 00 00 00 00 00 00 00 00 00 00
    00001320: 00 00 00 00 00 00 00 00 00 00 00 00 00 00 00 00
    00001330: 00 00 00 00 00 00 00 00 00 00 00 00 00 00 00 00
    00001340: 00 00 00 00 00 00 00 00 00 00 00 00 00 00 00 00
    00001350: 00 00 00 00 00 00 00 00 00 00 00 00 00 00 00 00
    00001360: 00 00 00 00 00 00 00 00 00 00 00 00 00 00 00 00
    00001370: 00 00 00 00 00 00 00 00 00 00 00 00 00 00 00 00
    00001380: 00 00 00 00 00 00 00 00 00 00 00 00 00 00 00 00
    00001390: 00 00 00 00 00 00 00 00 00 00 00 00 00 00 00 00
    000013a0: 00 00 00 00 00 00 00 00 00 00 00 00 00 00 00 00
    000013b0: 00 00 00 00 00 00 00 00 00 00 00 00 00 00 00 00
    000013c0: 00 00 00 00 00 00 00 00 00 00 00 00 00 00 00 00
    000013d0: 00 00 00 00 00 00 00 00 00 00 00 00 00 00 00 00
    000013e0: 00 00 00 00 00 00 00 00 00 00 00 00 00 00 00 00
    000013f0: 00 00 00 00 00 00 00 00 00 00 00 00 00 00 00 00
    00001400: 00 00 00 00 00 00 00 00 00 00 00 00 00 00 00 00
    00001410: 00 00 00 00 00 00 00 00 00 00 00 00 00 00 00 00
    00001420: 00 00 00 00 00 00 00 00 00 00 00 00 00 00 00 00
    00001430: 00 00 00 00 00 00 00 00 00 00 00 00 00 00 00 00
    00001440: 00 00 00 00 00 00 00 00 00 00 00 00 00 00 00 00
    00001450: 00 00 00 00 00 00 00 00 00 00 00 00 00 00 00 00
    00001460: 00 00 00 00 00 00 00 00 00 00 00 00 00 00 00 00
    00001470: 00 00 00 00 00 00 00 00 00 00 00 00 00 00 00 00
    00001480: 00 00 00 00 00 00 00 00 00 00 00 00 00 00 00 00
    00001490: 00 00 00 00 00 00 00 00 00 00 00 00 00 00 00 00
    000014a0: 00 00 00 00 00 00 00 00 00 00 00 00 00 00 00 00
    000014b0: 00 00 00 00 00 00 00 00 00 00 00 00 00 00 00 00
    000014c0: 00 00 00 00 00 00 00 00 00 00 00 00 00 00 00 00
    000014d0: 00 00 00 00 00 00 00 00 00 00 00 00 00 00 00 00
    000014e0: 00 00 00 00 00 00 00 00 00 00 00 00 00 00 00 00
    000014f0: 00 00 00 00 00 00 00 00 00 00 00 00 00 00 00 00
    00001500: 00 00 00 00 00 00 00 00 00 00 00 00 00 00 00 00
    00001510: 00 00 00 00 00 00 00 00 00 00 00 00 00 00 00 00
    00001520: 00 00 00 00 00 00 00 00 00 00 00 00 00 00 00 00
    00001530: 00 00 00 00 00 00 00 00 00 00 00 00 00 00 00 00
    00001540: 00 00 00 00 00 00 00 00 00 00 00 00 00 00 00 00
    00001550: 00 00 00 00 00 00 00 00 00 00 00 00 00 00 00 00
    00001560: 00 00 00 00 00 00 00 00 00 00 00 00 00 00 00 00
    00001570: 00 00 00 00 00 00 00 00 00 00 00 00 00 00 00 00
    00001580: 00 00 00 00 00 00 00 00 00 00 00 00 00 00 00 00
    00001590: 00 00 00 00 00 00 00 00 00 00 00 00 00 00 00 00
    000015a0: 00 00 00 00 00 00 00 00 00 00 00 00 00 00 00 00
    000015b0: 00 00 00 00 00 00 00 00 00 00 00 00 00 00 00 00
    000015c0: 00 00 00 00 00 00 00 00 00 00 00 00 00 00 00 00
    000015d0: 00 00 00 00 00 00 00 00 00 00 00 00 00 00 00 00
    000015e0: 00 00 00 00 00 00 00 00 00 00 00 00 00 00 00 00
    000015f0: 00 00 00 00 00 00 00 00 00 00 00 00 00 00 00 00
    00001600: 00 00 00 00 00 00 00 00 00 00 00 00 00 00 00 00
    00001610: 00 00 00 00 00 00 00 00 00 00 00 00 00 00 00 00
    00001620: 00 00 00 00 00 00 00 00 00 00 00 00 00 00 00 00
    00001630: 00 00 00 00 00 00 00 00 00 00 00 00 00 00 00 00
    00001640: 00 00 00 00 00 00 00 00 00 00 00 00 00 00 00 00
    00001650: 00 00 00 00 00 00 00 00 00 00 00 00 00 00 00 00
    00001660: 00 00 00 00 00 00 00 00 00 00 00 00 00 00 00 00
    00001670: 00 00 00 00 00 00 00 00 00 00 00 00 00 00 00 00
    00001680: 00 00 00 00 00 00 00 00 00 00 00 00 00 00 00 00
    00001690: 00 00 00 00 00 00 00 00 00 00 00 00 00 00 00 00
    000016a0: 00 00 00 00 00 00 00 00 00 00 00 00 00 00 00 00
    000016b0: 00 00 00 00 00 00 00 00 00 00 00 00 00 00 00 00
    000016c0: 00 00 00 00 00 00 00 00 00 00 00 00 00 00 00 00
    000016d0: 00 00 00 00 00 00 00 00 00 00 00 00 00 00 00 00
    000016e0: 00 00 00 00 00 00 00 00 00 00 00 00 00 00 00 00
    000016f0: 00 00 00 00 00 00 00 00 00 00 00 00 00 00 00 00
    00001700: 00 00 00 00 00 00 00 00 00 00 00 00 00 00 00 00
    00001710: 00 00 00 00 00 00 00 00 00 00 00 00 00 00 00 00
    00001720: 00 00 00 00 00 00 00 00 00 00 00 00 00 00 00 00
    00001730: 00 00 00 00 00 00 00 00 00 00 00 00 00 00 00 00
    00001740: 00 00 00 00 00 00 00 00 00 00 00 00 00 00 00 00
    00001750: 00 00 00 00 00 00 00 00 00 00 00 00 00 00 00 00
    00001760: 00 00 00 00 00 00 00 00 00 00 00 00 00 00 00 00
    00001770: 00 00 00 00 00 00 00 00 00 00 00 00 00 00 00 00
    00001780: 00 00 00 00 00 00 00 00 00 00 00 00 00 00 00 00
    00001790: 00 00 00 00 00 00 00 00 00 00 00 00 00 00 00 00
    000017a0: 00 00 00 00 00 00 00 00 00 00 00 00 00 00 00 00
    000017b0: 00 00 00 00 00 00 00 00 00 00 00 00 00 00 00 00
    000017c0: 00 00 00 00 00 00 00 00 00 00 00 00 00 00 00 00
    000017d0: 00 00 00 00 00 00 00 00 00 00 00 00 00 00 00 00
    000017e0: 00 00 00 00 00 00 00 00 00 00 00 00 00 00 00 00
    000017f0: 00 00 00 00 00 00 00 00 00 00 00 00 00 00 00 00
    00001800: 00 00 00 00 00 00 00 00 00 00 00 00 00 00 00 00
    00001810: 00 00 00 00 00 00 00 00 00 00 00 00 00 00 00 00
    00001820: 00 00 00 00 00 00 00 00 00 00 00 00 00 00 00 00
    00001830: 00 00 00 00 00 00 00 00 00 00 00 00 00 00 00 00
    00001840: 00 00 00 00 00 00 00 00 00 00 00 00 00 00 00 00
    00001850: 00 00 00 00 00 00 00 00 00 00 00 00 00 00 00 00
    00001860: 00 00 00 00 00 00 00 00 00 00 00 00 00 00 00 00
    00001870: 00 00 00 00 00 00 00 00 00 00 00 00 00 00 00 00
    00001880: 00 00 00 00 00 00 00 00 00 00 00 00 00 00 00 00
    00001890: 00 00 00 00 00 00 00 00 00 00 00 00 00 00 00 00
    000018a0: 00 00 00 00 00 00 00 00 00 00 00 00 00 00 00 00
    000018b0: 00 00 00 00 00 00 00 00 00 00 00 00 00 00 00 00
    000018c0: 00 00 00 00 00 00 00 00 00 00 00 00 00 00 00 00
    000018d0: 00 00 00 00 00 00 00 00 00 00 00 00 00 00 00 00
    000018e0: 00 00 00 00 00 00 00 00 00 00 00 00 00 00 00 00
    000018f0: 00 00 00 00 00 00 00 00 00 00 00 00 00 00 00 00
    00001900: 00 00 00 00 00 00 00 00 00 00 00 00 00 00 00 00
    00001910: 00 00 00 00 00 00 00 00 00 00 00 00 00 00 00 00
    00001920: 00 00 00 00 00 00 00 00 00 00 00 00 00 00 00 00
    00001930: 00 00 00 00 00 00 00 00 00 00 00 00 00 00 00 00
    00001940: 00 00 00 00 00 00 00 00 00 00 00 00 00 00 00 00
    00001950: 00 00 00 00 00 00 00 00 00 00 00 00 00 00 00 00
    00001960: 00 00 00 00 00 00 00 00 00 00 00 00 00 00 00 00
    00001970: 00 00 00 00 00 00 00 00 00 00 00 00 00 00 00 00
    00001980: 00 00 00 00 00 00 00 00 00 00 00 00 00 00 00 00
    00001990: 00 00 00 00 00 00 00 00 00 00 00 00 00 00 00 00
    000019a0: 00 00 00 00 00 00 00 00 00 00 00 00 00 00 00 00
    000019b0: 00 00 00 00 00 00 00 00 00 00 00 00 00 00 00 00
    000019c0: 00 00 00 00 00 00 00 00 00 00 00 00 00 00 00 00
    000019d0: 00 00 00 00 00 00 00 00 00 00 00 00 00 00 00 00
    000019e0: 00 00 00 00 00 00 00 00 00 00 00 00 00 00 00 00
    000019f0: 00 00 00 00 00 00 00 00 00 00 00 00 00 00 00 00
    00001a00: 00 00 00 00 00 00 00 00 00 00 00 00 00 00 00 00
    00001a10: 00 00 00 00 00 00 00 00 00 00 00 00 00 00 00 00
    00001a20: 00 00 00 00 00 00 00 00 00 00 00 00 00 00 00 00
    00001a30: 00 00 00 00 00 00 00 00 00 00 00 00 00 00 00 00
    00001a40: 00 00 00 00 00 00 00 00 00 00 00 00 00 00 00 00
    00001a50: 00 00 00 00 00 00 00 00 00 00 00 00 00 00 00 00
    00001a60: 00 00 00 00 00 00 00 00 00 00 00 00 00 00 00 00
    00001a70: 00 00 00 00 00 00 00 00 00 00 00 00 00 00 00 00
    00001a80: 00 00 00 00 00 00 00 00 00 00 00 00 00 00 00 00
    00001a90: 00 00 00 00 00 00 00 00 00 00 00 00 00 00 00 00
    00001aa0: 00 00 00 00 00 00 00 00 00 00 00 00 00 00 00 00
    00001ab0: 00 00 00 00 00 00 00 00 00 00 00 00 00 00 00 00
    00001ac0: 00 00 00 00 00 00 00 00 00 00 00 00 00 00 00 00
    00001ad0: 00 00 00 00 00 00 00 00 00 00 00 00 00 00 00 00
    00001ae0: 00 00 00 00 00 00 00 00 00 00 00 00 00 00 00 00
    00001af0: 00 00 00 00 00 00 00 00 00 00 00 00 00 00 00 00
    00001b00: 00 00 00 00 00 00 00 00 00 00 00 00 00 00 00 00
    00001b10: 00 00 00 00 00 00 00 00 00 00 00 00 00 00 00 00
    00001b20: 00 00 00 00 02 00 00 00 62 6f 6f 74 6c 6f 61 64
    00001b30: 65 72 00 00 00 00 00 00 00 00 00 00 00 00 00 00
    00001b40: 00 00 00 00 00 00 00 00 42 4f 4f 54 4c 4f 41 44
    00001b50: 45 52 5f 46 45 58 30 30 00 00 00 00 00 00 00 00
    00001b60: 00 00 00 00 00 00 00 00 56 42 4f 4f 54 4c 4f 41
    00001b70: 44 45 52 5f 46 45 58 30 00 00 00 00 00 00 00 00
    00001b80: 00 00 00 00 00 00 00 00 00 72 6f 6f 74 66 73 00
    00001b90: 00 00 00 00 00 00 00 00 00 00 00 00 00 00 00 00
    00001ba0: 00 00 00 00 00 00 00 00 00 52 4f 4f 54 46 53 5f
    00001bb0: 46 45 58 30 30 30 30 30 30 00 00 00 00 00 00 00
    00001bc0: 00 00 00 00 00 00 00 00 00 56 52 4f 4f 54 46 53
    00001bd0: 5f 46 45 58 30 30 30 30 30 00 00 00 00 00 00 00
    00001be0: 00 00 00 00 00 00 00 00 00 00 00 00 00 00 00 00
    00001bf0: 00 00 00 00 00 00 00 00 00 00 00 00 00 00 00 00
    00001c00: 00 00 00 00 00 00 00 00 00 00 00 00 00 00 00 00
    00001c10: 00 00 00 00 00 00 00 00 00 00 00 00 00 00 00 00
    00001c20: 00 00 00 00 00 00 00 00 00 00 00 00 00 00 00 00
    00001c30: 00 00 00 00 00 00 00 00 00 00 00 00 00 00 00 00
    00001c40: 00 00 00 00 00 00 00 00 00 00 01 00 00 00 00 00
    00001c50: 00 00 00 00 00 00 00 00 00 00 00 00 00 00 00 00
    00001c60: 00 00 00 00 00 00 00 00 00 00 00 00 00 00 00 00
    00001c70: 00 00 00 00 00 00 00 00 00 00 00 00 00 00 00 00
    00001c80: 00 00 00 00 00 00 00 00 00 00 00 00 00 00 00 00
    00001c90: 00 00 00 00 00 00 00 00 00 00 00 00 00 00 00 00
    00001ca0: 00 00 00 00 00 00 00 00 00 00 00 01 00 00 00 00
    00001cb0: 00 00 00 00 00 00 00 00 00 00 00 00 00 00 00 00
    00001cc0: 00 00 00 00 00 00 00 00 00 00 00 00 00 00 00 00
    00001cd0: 00 00 00 00 00 00 00 00 00 00 00 00 00 00 00 00
    00001ce0: 00 00 00 00 00 00 00 00 00 00 00 00 00 00 00 00
    00001cf0: 00 00 00 00 00 00 00 00 00 00 00 00 00 00 00 00
    00001d00: 00 00 00 00 00 00 00 00 00 00 00 00 01 00 00 00
    00001d10: 00 00 00 00 00 00 00 00 00 00 00 00 00 00 00 00
    00001d20: 00 00 00 00 00 00 00 00 00 00 00 00 00 00 00 00
    00001d30: 00 00 00 00 00 00 00 00 00 00 00 00 00 00 00 00
    00001d40: 00 00 00 00 00 00 00 00 00 00 00 00 00 00 00 00
    00001d50: 00 00 00 00 00 00 00 00 00 00 00 00 00 00 00 00
    00001d60: 00 00 00 00 00 00 00 00 00 00 00 00 00 01 00 00
    00001d70: 00 00 00 00 00 00 00 00 00 00 00 00 00 00 00 00
    00001d80: 00 00 00 00 00 00 00 00 00 00 00 00 00 00 00 00
    00001d90: 00 00 00 00 00 00 00 00 00 00 00 00 00 00 00 00
    00001da0: 00 00 00 00 00 00 00 00 00 00 00 00 00 00 00 00
    00001db0: 00 00 00 00 00 00 00 00 00 00 00 00 00 00 00 00
    00001dc0: 00 00 00 00 00 00 00 00 00 00 00 00 00 00 01 00
    00001dd0: 00 00 00 00 00 00 00 00 00 00 00 00 00 00 00 00
    00001de0: 00 00 00 00 00 00 00 00 00 00 00 00 00 00 00 00
    00001df0: 00 00 00 00 00 00 00 00 00 00 00 00 00 00 00 00
    00001e00: 00 00 00 00 00 00 00 00 00 00 00 00 00 00 00 00
    00001e10: 00 00 00 00 00 00 00 00 00 00 00 00 00 00 00 00
    00001e20: 00 00 00 00 00 00 00 00 00 00 00 00 00 00 00 01
    00001e30: 00 00 00 00 00 00 00 00 00 00 00 00 00 00 00 00
    00001e40: 00 00 00 00 00 00 00 00 00 00 00 00 00 00 00 00
    00001e50: 00 00 00 00 00 00 00 00 00 00 00 00 00 00 00 00
    00001e60: 00 00 00 00 00 00 00 00 00 00 00 00 00 00 00 00
    00001e70: 00 00 00 00 00 00 00 00 00 00 00 00 00 00 00 00
    00001e80: 00 00 00 00 00 00 00 00 00 00 00 00 00 00 00 00
    00001e90: 01 00 00 00 00 00 00 00 00 00 00 00 00 00 00 00
    00001ea0: 00 00 00 00 00 00 00 00 00 00 00 00 00 00 00 00
    00001eb0: 00 00 00 00 00 00 00 00 00 00 00 00 00 00 00 00
    00001ec0: 00 00 00 00 00 00 00 00 00 00 00 00 00 00 00 00
    00001ed0: 00 00 00 00 00 00 00 00 00 00 00 00 00 00 00 00
    00001ee0: 00 00 00 00 00 00 00 00 00 00 00 00 00 00 00 00
    00001ef0: 00 01 00 00 00 00 00 00 00 00 00 00 00 00 00 00
    00001f00: 00 00 00 00 00 00 00 00 00 00 00 00 00 00 00 00
    00001f10: 00 00 00 00 00 00 00 00 00 00 00 00 00 00 00 00
    00001f20: 00 00 00 00 00 00 00 00 00 00 00 00 00 00 00 00
    00001f30: 00 00 00 00 00 00 00 00 00 00 00 00 00 00 00 00
    00001f40: 00 00 00 00 00 00 00 00 00 00 00 00 00 00 00 00
    00001f50: 00 00 01 00 00 00 00 00 00 00 00 00 00 00 00 00
    00001f60: 00 00 00 00 00 00 00 00 00 00 00 00 00 00 00 00
    00001f70: 00 00 00 00 00 00 00 00 00 00 00 00 00 00 00 00
    00001f80: 00 00 00 00 00 00 00 00 00 00 00 00 00 00 00 00
    00001f90: 00 00 00 00 00 00 00 00 00 00 00 00 00 00 00 00
    00001fa0: 00 00 00 00 00 00 00 00 00 00 00 00 00 00 00 00
    00001fb0: 00 00 00 01 00 00 00 00 00 00 00 00 00 00 00 00
    00001fc0: 00 00 00 00 00 00 00 00 00 00 00 00 00 00 00 00
    00001fd0: 00 00 00 00 00 00 00 00 00 00 00 00 00 00 00 00
    00001fe0: 00 00 00 00 00 00 00 00 00 00 00 00 00 00 00 00
    00001ff0: 00 00 00 00 00 00 00 00 00 00 00 00 00 00 00 00
    00002000: 00 00 00 00 00 00 00 00 00 00 00 00 00 00 00 00
    00002010: 00 00 00 00 01 00 00 00 00 00 00 00 00 00 00 00
    00002020: 00 00 00 00 00 00 00 00 00 00 00 00 00 00 00 00
    00002030: 00 00 00 00 00 00 00 00 00 00 00 00 00 00 00 00
    00002040: 00 00 00 00 00 00 00 00 00 00 00 00 00 00 00 00
    00002050: 00 00 00 00 00 00 00 00 00 00 00 00 00 00 00 00
    00002060: 00 00 00 00 00 00 00 00 00 00 00 00 00 00 00 00
    00002070: 00 00 00 00 00 01 00 00 00 00 00 00 00 00 00 00
    00002080: 00 00 00 00 00 00 00 00 00 00 00 00 00 00 00 00
    00002090: 00 00 00 00 00 00 00 00 00 00 00 00 00 00 00 00
    000020a0: 00 00 00 00 00 00 00 00 00 00 00 00 00 00 00 00
    000020b0: 00 00 00 00 00 00 00 00 00 00 00 00 00 00 00 00
    000020c0: 00 00 00 00 00 00 00 00 00 00 00 00 00 00 00 00
    000020d0: 00 00 00 00 00 00 01 00 00 00 00 00 00 00 00 00
    000020e0: 00 00 00 00 00 00 00 00 00 00 00 00 00 00 00 00
    000020f0: 00 00 00 00 00 00 00 00 00 00 00 00 00 00 00 00
    00002100: 00 00 00 00 00 00 00 00 00 00 00 00 00 00 00 00
    00002110: 00 00 00 00 00 00 00 00 00 00 00 00 00 00 00 00
    00002120: 00 00 00 00 00 00 00 00 00 00 00 00 00 00 00 00
    00002130: 00 00 00 00 00 00 00 01 00 00 00 00 00 00 00 00
    00002140: 00 00 00 00 00 00 00 00 00 00 00 00 00 00 00 00
    00002150: 00 00 00 00 00 00 00 00 00 00 00 00 00 00 00 00
    00002160: 00 00 00 00 00 00 00 00 00 00 00 00 00 00 00 00
    00002170: 00 00 00 00 00 00 00 00 00 00 00 00 00 00 00 00
    00002180: 00 00 00 00 00 00 00 00 00 00 00 00 00 00 00 00
    00002190: 00 00 00 00 00 00 00 00 01 00 00 00 00 00 00 00
    000021a0: 00 00 00 00 00 00 00 00 00 00 00 00 00 00 00 00
    000021b0: 00 00 00 00 00 00 00 00 00 00 00 00 00 00 00 00
    000021c0: 00 00 00 00 00 00 00 00 00 00 00 00 00 00 00 00
    000021d0: 00 00 00 00 00 00 00 00 00 00 00 00 00 00 00 00
    000021e0: 00 00 00 00 00 00 00 00 00 00 00 00 00 00 00 00
    000021f0: 00 00 00 00 00 00 00 00 00 01 00 00 00 00 00 00
    00002200: 00 00 00 00 00 00 00 00 00 00 00 00 00 00 00 00
    00002210: 00 00 00 00 00 00 00 00 00 00 00 00 00 00 00 00
    00002220: 00 00 00 00 00 00 00 00 00 00 00 00 00 00 00 00
    00002230: 00 00 00 00 00 00 00 00 00 00 00 00 00 00 00 00
    00002240: 00 00 00 00 00 00 00 00 00 00 00 00 00 00 00 00
    00002250: 00 00 00 00 00 00 00 00 00 00 01 00 00 00 00 00
    00002260: 00 00 00 00 00 00 00 00 00 00 00 00 00 00 00 00
    00002270: 00 00 00 00 00 00 00 00 00 00 00 00 00 00 00 00
    00002280: 00 00 00 00 00 00 00 00 00 00 00 00 00 00 00 00
    00002290: 00 00 00 00 00 00 00 00 00 00 00 00 00 00 00 00
    000022a0: 00 00 00 00 00 00 00 00 00 00 00 00 00 00 00 00
    000022b0: 00 00 00 00 00 00 00 00 00 00 00 01 00 00 00 00
    000022c0: 00 00 00 00 00 00 00 00 00 00 00 00 00 00 00 00
    000022d0: 00 00 00 00 00 00 00 00 00 00 00 00 00 00 00 00
    000022e0: 00 00 00 00 00 00 00 00 00 00 00 00 00 00 00 00
    000022f0: 00 00 00 00 00 00 00 00 00 00 00 00 00 00 00 00
    00002300: 00 00 00 00 00 00 00 00 00 00 00 00 00 00 00 00
    00002310: 00 00 00 00 00 00 00 00 00 00 00 00 01 00 00 00
    00002320: 00 00 00 00 00 00 00 00 00 00 00 00 00 00 00 00
    00002330: 00 00 00 00 00 00 00 00 00 00 00 00 00 00 00 00
    00002340: 00 00 00 00 00 00 00 00 00 00 00 00 00 00 00 00
    00002350: 00 00 00 00 00 00 00 00 00 00 00 00 00 00 00 00
    00002360: 00 00 00 00 00 00 00 00 00 00 00 00 00 00 00 00
    00002370: 00 00 00 00 00 00 00 00 00 00 00 00 00 01 00 00
    00002380: 00 00 00 00 00 00 00 00 00 00 00 00 00 00 00 00
    00002390: 00 00 00 00 00 00 00 00 00 00 00 00 00 00 00 00
    000023a0: 00 00 00 00 00 00 00 00 00 00 00 00 00 00 00 00
    000023b0: 00 00 00 00 00 00 00 00 00 00 00 00 00 00 00 00
    000023c0: 00 00 00 00 00 00 00 00 00 00 00 00 00 00 00 00
    000023d0: 00 00 00 00 00 00 00 00 00 00 00 00 00 00 01 00
    000023e0: 00 00 00 00 00 00 00 00 00 00 00 00 00 00 00 00
    000023f0: 00 00 00 00 00 00 00 00 00 00 00 00 00 00 00 00
    00002400: 00 00 00 00 00 00 00 00 00 00 00 00 00 00 00 00
    00002410: 00 00 00 00 00 00 00 00 00 00 00 00 00 00 00 00
    00002420: 00 00 00 00 00 00 00 00 00 00 00 00 00 00 00 00
    00002430: 00 00 00 00 00 00 00 00 00 00 00 00 00 00 00 01
    00002440: 00 00 00 00 00 00 00 00 00 00 00 00 00 00 00 00
    00002450: 00 00 00 00 00 00 00 00 00 00 00 00 00 00 00 00
    00002460: 00 00 00 00 00 00 00 00 00 00 00 00 00 00 00 00
    00002470: 00 00 00 00 00 00 00 00 00 00 00 00 00 00 00 00
    00002480: 00 00 00 00 00 00 00 00 00 00 00 00 00 00 00 00
    00002490: 00 00 00 00 00 00 00 00 00 00 00 00 00 00 00 00
    000024a0: 01 00 00 00 00 00 00 00 00 00 00 00 00 00 00 00
    000024b0: 00 00 00 00 00 00 00 00 00 00 00 00 00 00 00 00
    000024c0: 00 00 00 00 00 00 00 00 00 00 00 00 00 00 00 00
    000024d0: 00 00 00 00 00 00 00 00 00 00 00 00 00 00 00 00
    000024e0: 00 00 00 00 00 00 00 00 00 00 00 00 00 00 00 00
    000024f0: 00 00 00 00 00 00 00 00 00 00 00 00 00 00 00 00
    00002500: 00 01 00 00 00 00 00 00 00 00 00 00 00 00 00 00
    00002510: 00 00 00 00 00 00 00 00 00 00 00 00 00 00 00 00
    00002520: 00 00 00 00 00 00 00 00 00 00 00 00 00 00 00 00
    00002530: 00 00 00 00 00 00 00 00 00 00 00 00 00 00 00 00
    00002540: 00 00 00 00 00 00 00 00 00 00 00 00 00 00 00 00
    00002550: 00 00 00 00 00 00 00 00 00 00 00 00 00 00 00 00
    00002560: 00 00 01 00 00 00 00 00 00 00 00 00 00 00 00 00
    00002570: 00 00 00 00 00 00 00 00 00 00 00 00 00 00 00 00
    00002580: 00 00 00 00 00 00 00 00 00 00 00 00 00 00 00 00
    00002590: 00 00 00 00 00 00 00 00 00 00 00 00 00 00 00 00
    000025a0: 00 00 00 00 00 00 00 00 00 00 00 00 00 00 00 00
    000025b0: 00 00 00 00 00 00 00 00 00 00 00 00 00 00 00 00
    000025c0: 00 00 00 01 00 00 00 00 00 00 00 00 00 00 00 00
    000025d0: 00 00 00 00 00 00 00 00 00 00 00 00 00 00 00 00
    000025e0: 00 00 00 00 00 00 00 00 00 00 00 00 00 00 00 00
    000025f0: 00 00 00 00 00 00 00 00 00 00 00 00 00 00 00 00
    00002600: 00 00 00 00 00 00 00 00 00 00 00 00 00 00 00 00
    00002610: 00 00 00 00 00 00 00 00 00 00 00 00 00 00 00 00
    00002620: 00 00 00 00 01 00 00 00 00 00 00 00 00 00 00 00
    00002630: 00 00 00 00 00 00 00 00 00 00 00 00 00 00 00 00
    00002640: 00 00 00 00 00 00 00 00 00 00 00 00 00 00 00 00
    00002650: 00 00 00 00 00 00 00 00 00 00 00 00 00 00 00 00
    00002660: 00 00 00 00 00 00 00 00 00 00 00 00 00 00 00 00
    00002670: 00 00 00 00 00 00 00 00 00 00 00 00 00 00 00 00
    00002680: 00 00 00 00 00 01 00 00 00 00 00 00 00 00 00 00
    00002690: 00 00 00 00 00 00 00 00 00 00 00 00 00 00 00 00
    000026a0: 00 00 00 00 00 00 00 00 00 00 00 00 00 00 00 00
    000026b0: 00 00 00 00 00 00 00 00 00 00 00 00 00 00 00 00
    000026c0: 00 00 00 00 00 00 00 00 00 00 00 00 00 00 00 00
    000026d0: 00 00 00 00 00 00 00 00 00 00 00 00 00 00 00 00
    000026e0: 00 00 00 00 00 00 01 00 00 00 00 00 00 00 00 00
    000026f0: 00 00 00 00 00 00 00 00 00 00 00 00 00 00 00 00
    00002700: 00 00 00 00 00 00 00 00 00 00 00 00 00 00 00 00
    00002710: 00 00 00 00 00 00 00 00 00 00 00 00 00 00 00 00
    00002720: 00 00 00 00 00 00 00 00 00 00 00 00 00 00 00 00
    00002730: 00 00 00 00 00 00 00 00 00 00 00 00 00 00 00 00
    00002740: 00 00 00 00 00 00 00 01 00 00 00 00 00 00 00 00
    00002750: 00 00 00 00 00 00 00 00 00 00 00 00 00 00 00 00
