    00000000: 01 00 00 00 01 00 00 00 01 00 00 00 01 00 00 00
    00000010: 01 00 00 00 01 00 00 00 01 00 00 00 02 00 00 00
    00000020: 10 00 00 00 00 01 00 00 00 10 00 00 88 11 00 00
    00000030: 28 00 00 00 04 00 00 00 ad de 94 da 74 ff ff ff
    00000040: 90 03 00 00 90 03 00 00 08 07 02 00 00 00 00 00
    00000050: 00 00 00 00 00 00 00 00 00 00 00 00 00 00 00 00
    00000060: 00 00 00 00 00 00 00 00 00 00 00 00 00 00 00 00
    00000070: 00 00 00 00 00 00 00 00 00 00 00 00 00 00 00 00
    00000080: 00 00 00 00 00 00 00 00 00 00 00 00 00 00 00 00
    00000090: 00 00 00 00 00 00 00 00 00 00 00 00 00 00 00 00
    000000a0: 00 00 00 00 00 00 00 00 00 00 00 00

