    00000000: f3 29 00 00 29 4a 00 00 64 46 00 00 cc 2d 00 00
    00000010: 3a 4b 00 00 31 00 00 00 f4 60 00 00 67 09 00 00
    00000020: cb 12 00 00 9a 05 00 00 ab 7a 00 00 b2 03 00 00
    00000030: db 7d 00 00 d2 25 00 00 09 28 00 00 ba 3a 00 00
    00000040: 98 5f 00 00 5f 1f 00 00 56 45 00 00 3e 12 00 00
    00000050: 0f 63 00 00 2c 2e 00 00 9b 27 00 00 ac 30 00 00
    00000060: 4d 64 00 00 20 10 00 00 f2 5e 00 00 4c 48 00 00
    00000070: c4 64 00 00 f5 37 00 00 ff 6d 00 00 ba 00 00 00
    00000080: f1 1e 00 00 48 22 00 00 bf 1a 00 00 99 14 00 00
    00000090: 3c 7d 00 00 ec 00 00 00 80 3c 00 00 86 77 00 00
    000000a0: 20 78 00 00 84 30 00 00 31 2b 00 00 4b 18 00 00
    000000b0: 8b 1f 00 00 51 2c 00 00 dc 33 00 00 55 13 00 00
    000000c0: 88 53 00 00 48 74 00 00 71 36 00 00 69 69 00 00
    000000d0: 1b 70 00 00 68 19 00 00 c5 50 00 00 92 0e 00 00
    000000e0: 6c 70 00 00 4a 64 00 00 da 3a 00 00 5e 65 00 00
    000000f0: 28 4d 00 00 fa 49 00 00 61 38 00 00 49 7a 00 00
    00000100: 25 1a 00 00 05 23 00 00 7d 43 00 00 7a 13 00 00
    00000110: 45 27 00 00 d3 58 00 00 ca 54 00 00 ad 68 00 00
    00000120: 9c 28 00 00 37 7d 00 00 9e 6c 00 00 71 17 00 00
    00000130: d5 29 00 00 45 00 00 00 8f 41 00 00 93 27 00 00
    00000140: d1 50 00 00 64 78 00 00 35 38 00 00 da 33 00 00
    00000150: 92 33 00 00 a4 30 00 00 31 08 00 00 f4 0a 00 00
    00000160: 58 45 00 00 51 71 00 00 6d 32 00 00 b1 5c 00 00
    00000170: 09 1f 00 00 c8 36 00 00 a6 2c 00 00 6f 47 00 00
    00000180: d6 26 00 00 89 4a 00 00 28 66 00 00 d6 59 00 00
    00000190: 1c 5b 00 00 8e 72 00 00 d9 09 00 00 c5 5c 00 00
    000001a0: 88 44 00 00 db 2a 00 00 79 21 00 00 8b 79 00 00
    000001b0: 7f 53 00 00 57 1d 00 00 28 7e 00 00 5b 10 00 00
    000001c0: bd 2c 00 00 da 4b 00 00 29 0a 00 00 fa 52 00 00
    000001d0: 3c 29 00 00 87 20 00 00 e5 67 00 00 bb 77 00 00
    000001e0: 57 0d 00 00 5c 58 00 00 33 02 00 00 ad 18 00 00
    000001f0: 2f 3b 00 00 07 7c 00 00 d6 71 00 00 13 13 00 00
    00000200: 4e 64 00 00 fb 5a 00 00 47 5c 00 00 14 7b 00 00
    00000210: 8a 7e 00 00 c4 3c 00 00 b6 2f 00 00 b4 77 00 00
    00000220: 2c 00 00 00 97 3c 00 00 4b 60 00 00 03 1b 00 00
    00000230: 52 27 00 00 2e 03 00 00 b1 0a 00 00 94 0a 00 00
    00000240: 92 50 00 00 d3 52 00 00 d5 1f 00 00 31 0c 00 00
    00000250: e0 20 00 00 ba 19 00 00 eb 7d 00 00 cd 4a 00 00
    00000260: b2 06 00 00 93 7e 00 00 b3 1a 00 00 ba 67 00 00
    00000270: 62 56 00 00 60 1b 00 00 fa 22 00 00 1d 2c 00 00
    00000280: d3 05 00 00 84 5a 00 00 63 33 00 00 9e 6e 00 00
    00000290: 57 4b 00 00 1d 2a 00 00 67 0e 00 00 64 01 00 00
    000002a0: d0 23 00 00 94 79 00 00 9b 73 00 00 40 3c 00 00
    000002b0: 16 04 00 00 73 35 00 00 31 7c 00 00 28 77 00 00
    000002c0: 99 39 00 00 76 35 00 00 c2 20 00 00 e8 08 00 00
    000002d0: 48 3e 00 00 e4 50 00 00 4b 4c 00 00 14 1e 00 00
    000002e0: b1 03 00 00 1f 0d 00 00 75 20 00 00 41 7c 00 00
    000002f0: 69 79 00 00 7a 1a 00 00 19 4f 00 00 74 05 00 00
    00000300: ae 52 00 00 4c 13 00 00 03 2d 00 00 db 0f 00 00
    00000310: 4b 4f 00 00 43 31 00 00 f6 61 00 00 bb 65 00 00
    00000320: bc 0b 00 00 fa 6c 00 00 f1 59 00 00 aa 01 00 00
    00000330: 93 1c 00 00 cd 3b 00 00 b1 5b 00 00 fe 5a 00 00
    00000340: 1a 79 00 00 ec 5f 00 00 77 68 00 00 85 56 00 00
    00000350: 3a 79 00 00 ae 7e 00 00 0b 49 00 00 77 2f 00 00
    00000360: 9b 6a 00 00 28 71 00 00 01 6c 00 00 a8 6c 00 00
    00000370: 0d 01 00 00 ff 02 00 00 3b 79 00 00 02 36 00 00
    00000380: 27 26 00 00 7a 13 00 00 af 3e 00 00 33 1e 00 00
    00000390: 2d 6c 00 00 db 4c 00 00 6a 5a 00 00 a3 34 00 00
    000003a0: 37 28 00 00 f0 65 00 00 d5 45 00 00 a9 73 00 00
    000003b0: 90 77 00 00 e5 21 00 00 38 26 00 00 fe 5e 00 00
    000003c0: 5d 34 00 00 5c 02 00 00 7c 06 00 00 72 66 00 00
    000003d0: 7f 1d 00 00 bf 5f 00 00 35 5e 00 00 dd 60 00 00
    000003e0: ba 35 00 00 d5 5b 00 00 e0 09 00 00 59 33 00 00
    000003f0: 16 1e 00 00 94 62 00 00 68 18 00 00 ae 78 00 00
    00000400: 85 6f 00 00 37 2d 00 00 f0 11 00 00 0e 3d 00 00
    00000410: c7 57 00 00 90 7b 00 00 cc 1b 00 00 03 22 00 00
    00000420: 8b 7d 00 00 9e 77 00 00 d0 1d 00 00 a5 7e 00 00
    00000430: d7 6f 00 00 62 77 00 00 ce 4c 00 00 10 50 00 00
    00000440: a9 24 00 00 ef 10 00 00 5a 3e 00 00 15 0e 00 00
    00000450: df 4a 00 00 c1 34 00 00 d0 69 00 00 30 38 00 00
    00000460: 54 73 00 00 4f 42 00 00 99 3a 00 00 ba 2e 00 00
    00000470: 4c 55 00 00 e3 4a 00 00 a9 17 00 00 60 2c 00 00
    00000480: 12 32 00 00 aa 76 00 00 4c 04 00 00 d4 73 00 00
    00000490: df 1b 00 00 07 40 00 00 23 3e 00 00 c2 05 00 00
    000004a0: fe 23 00 00 2d 79 00 00 69 7c 00 00 06 73 00 00
    000004b0: 2e 34 00 00 ed 4f 00 00 7b 34 00 00 1c 1f 00 00
    000004c0: 48 17 00 00 cc 43 00 00 98 07 00 00 d8 06 00 00
    000004d0: 21 75 00 00 59 42 00 00 e5 3d 00 00 57 5f 00 00
    000004e0: b2 45 00 00 be 5d 00 00 b4 72 00 00 35 21 00 00
    000004f0: 76 7f 00 00 94 51 00 00 05 56 00 00 00 54 00 00
    00000500: 14 05 00 00 fc 49 00 00 4d 27 00 00 ed 2d 00 00
    00000510: 3e 16 00 00 eb 20 00 00 77 4d 00 00 ca 5b 00 00
    00000520: d9 47 00 00 c5 05 00 00 29 30 00 00 34 05 00 00
    00000530: 5e 47 00 00 2e 43 00 00 48 36 00 00 0a 61 00 00
    00000540: 80 6d 00 00 1d 17 00 00 be 0d 00 00 22 6e 00 00
    00000550: 0f 64 00 00 31 51 00 00 7b 20 00 00 3a 24 00 00
    00000560: 1c 63 00 00 49 2b 00 00 b9 5a 00 00 31 31 00 00
    00000570: 5e 49 00 00 4f 10 00 00 85 26 00 00 77 16 00 00
    00000580: d4 13 00 00 54 45 00 00 7b 40 00 00 c2 3a 00 00
    00000590: ac 78 00 00 e2 28 00 00 d1 49 00 00 02 44 00 00
    000005a0: 64 29 00 00 8d 7c 00 00 97 3b 00 00 98 4d 00 00
    000005b0: 2f 00 00 00 cc 6c 00 00 3c 1f 00 00 c2 4e 00 00
    000005c0: 9a 1c 00 00 07 4b 00 00 55 30 00 00 5a 45 00 00
    000005d0: 6f 33 00 00 f1 2d 00 00 9a 4b 00 00 c1 78 00 00
    000005e0: d9 15 00 00 18 6c 00 00 31 4f 00 00 16 69 00 00
    000005f0: ca 33 00 00 bb 24 00 00 30 50 00 00 ab 3e 00 00
    00000600: 9a 1d 00 00 db 4a 00 00 5d 49 00 00 b9 4d 00 00
    00000610: f1 48 00 00 94 66 00 00 38 27 00 00 52 02 00 00
    00000620: e6 1c 00 00 ae 00 00 00 3b 55 00 00 98 48 00 00
    00000630: 68 09 00 00 70 6c 00 00 60 30 00 00 2d 45 00 00
    00000640: dd 2d 00 00 b4 63 00 00 e4 02 00 00 ea 71 00 00
    00000650: 0a 53 00 00 41 29 00 00 4a 6d 00 00 d4 72 00 00
    00000660: 33 3c 00 00 54 25 00 00 a4 60 00 00 4b 37 00 00
    00000670: 83 13 00 00 80 30 00 00 0e 0e 00 00 85 3b 00 00
    00000680: ae 75 00 00 b8 00 00 00 7b 6f 00 00 3b 7e 00 00
    00000690: d4 60 00 00 ab 6c 00 00 b4 4d 00 00 a2 7e 00 00
    000006a0: a9 0a 00 00 50 79 00 00 9d 67 00 00 9d 56 00 00
    000006b0: d3 61 00 00 c1 65 00 00 ba 1e 00 00 31 45 00 00
    000006c0: 93 3e 00 00 4c 29 00 00 f3 4c 00 00 39 3d 00 00
    000006d0: a8 06 00 00 c7 17 00 00 94 27 00 00 5b 4c 00 00
    000006e0: 70 48 00 00 25 20 00 00 98 53 00 00 3a 6e 00 00
    000006f0: 51 11 00 00 47 59 00 00 27 0f 00 00 ed 1f 00 00
    00000700: 57 03 00 00 14 51 00 00 5d 14 00 00 b1 47 00 00
    00000710: 1e 6e 00 00 cc 51 00 00 4d 19 00 00 da 44 00 00
    00000720: f3 6e 00 00 99 11 00 00 46 11 00 00 10 3c 00 00
    00000730: 36 5c 00 00 68 00 00 00 55 13 00 00 b7 73 00 00
    00000740: 02 00 00 00 f6 27 00 00 0a 0a 00 00 af 54 00 00
    00000750: 11 66 00 00 2e 52 00 00 7f 10 00 00 3e 63 00 00
    00000760: d9 40 00 00 b2 69 00 00 97 20 00 00 4a 44 00 00
    00000770: fb 29 00 00 b8 48 00 00 84 76 00 00 cc 22 00 00
    00000780: de 41 00 00 17 6a 00 00 8c 4d 00 00 81 09 00 00
    00000790: 97 72 00 00 a1 30 00 00 0c 5a 00 00 e3 04 00 00
    000007a0: 0d 5a 00 00 b4 38 00 00 bd 24 00 00 57 21 00 00
    000007b0: 5a 1f 00 00 0c 68 00 00 36 2b 00 00 a8 19 00 00
    000007c0: 74 37 00 00 db 2f 00 00 b2 69 00 00 b4 49 00 00
    000007d0: 0c 5d 00 00 1c 35 00 00 14 32 00 00 65 39 00 00
    000007e0: b6 3f 00 00 24 53 00 00 28 74 00 00 e3 53 00 00
    000007f0: 4b 2e 00 00 7a 2c 00 00 2c 5b 00 00 08 1f 00 00
    00000800: 8b 40 00 00 e8 3d 00 00 8f 64 00 00 15 07 00 00
    00000810: 07 44 00 00 d2 27 00 00 f8 53 00 00 a3 12 00 00
    00000820: 3f 70 00 00 c7 21 00 00 8a 28 00 00 dc 12 00 00
    00000830: 07 26 00 00 56 4c 00 00 67 77 00 00 ea 23 00 00
    00000840: 2f 3e 00 00 23 55 00 00 72 4f 00 00 b0 11 00 00
    00000850: 62 2b 00 00 3a 21 00 00 5a 0a 00 00 b8 74 00 00
    00000860: 4f 73 00 00 a2 71 00 00 d4 2e 00 00 6d 1b 00 00
    00000870: 07 43 00 00 36 36 00 00 27 48 00 00 8b 13 00 00
    00000880: a6 22 00 00 b0 02 00 00 ee 56 00 00 d3 67 00 00
    00000890: 36 0c 00 00 07 5a 00 00 19 3f 00 00 03 66 00 00
    000008a0: d0 69 00 00 fb 43 00 00 36 57 00 00 05 01 00 00
    000008b0: 04 3f 00 00 ed 60 00 00 ef 7c 00 00 67 23 00 00
    000008c0: 7c 01 00 00 f5 6f 00 00 d3 52 00 00 0b 06 00 00
    000008d0: db 64 00 00 2f 7b 00 00 59 0b 00 00 20 5f 00 00
    000008e0: eb 1d 00 00 55 1e 00 00 21 65 00 00 50 7d 00 00
    000008f0: f8 60 00 00 93 1b 00 00 7e 3c 00 00 3b 23 00 00
    00000900: 77 1f 00 00 96 32 00 00 32 56 00 00 25 37 00 00
    00000910: ec 48 00 00 e7 6d 00 00 78 47 00 00 eb 1a 00 00
    00000920: 0a 13 00 00 77 5a 00 00 48 1f 00 00 3c 40 00 00
    00000930: 1b 0d 00 00 7b 5d 00 00 d6 34 00 00 05 4d 00 00
    00000940: a2 02 00 00 79 1c 00 00 5c 3f 00 00 2d 64 00 00
    00000950: 3f 71 00 00 a3 2b 00 00 19 1b 00 00 83 66 00 00
    00000960: d4 15 00 00 65 76 00 00 99 5f 00 00 f5 3f 00 00
    00000970: e6 54 00 00 3a 16 00 00 38 2b 00 00 02 15 00 00
    00000980: 46 02 00 00 c3 0b 00 00 e2 47 00 00 72 64 00 00
    00000990: f0 4b 00 00 1a 0e 00 00 1c 0d 00 00 44 71 00 00
    000009a0: 33 4c 00 00 64 64 00 00 48 23 00 00 e8 08 00 00
    000009b0: 12 07 00 00 a5 7d 00 00 24 0c 00 00 ae 79 00 00
    000009c0: eb 56 00 00 d9 3a 00 00 95 14 00 00 7f 4d 00 00
    000009d0: 56 0c 00 00 40 1f 00 00 a3 13 00 00 cb 1c 00 00
    000009e0: 50 45 00 00 f9 5a 00 00 c4 1a 00 00 c2 0d 00 00
    000009f0: 99 3f 00 00 d2 63 00 00 5d 7b 00 00 c7 53 00 00
    00000a00: 5a 2a 00 00 5f 10 00 00 86 45 00 00 21 43 00 00
    00000a10: 0b 3b 00 00 49 69 00 00 0e 24 00 00 f4 4c 00 00
    00000a20: 94 09 00 00 e9 24 00 00 be 39 00 00 70 77 00 00
    00000a30: b2 77 00 00 15 01 00 00 e2 63 00 00 49 26 00 00
    00000a40: 9d 27 00 00 3a 6f 00 00 06 06 00 00 67 47 00 00
    00000a50: e8 45 00 00 ab 46 00 00 fe 42 00 00 de 37 00 00
    00000a60: a8 2a 00 00 39 71 00 00 29 47 00 00 20 75 00 00
    00000a70: d8 15 00 00 04 46 00 00 f6 07 00 00 72 6e 00 00
    00000a80: fc 0a 00 00 91 06 00 00 a6 1c 00 00 9c 0a 00 00
    00000a90: 05 10 00 00 1c 32 00 00 54 14 00 00 e5 35 00 00
    00000aa0: 75 53 00 00 2f 23 00 00 33 6d 00 00 3e 0c 00 00
    00000ab0: c3 7d 00 00 73 2b 00 00 18 11 00 00 be 73 00 00
    00000ac0: 01 32 00 00 c7 21 00 00 38 7b 00 00 4e 3b 00 00
    00000ad0: bc 01 00 00 8f 16 00 00 32 6b 00 00 a6 11 00 00
    00000ae0: 24 58 00 00 4e 22 00 00 50 49 00 00 78 68 00 00
    00000af0: 6c 20 00 00 78 02 00 00 09 20 00 00 ea 17 00 00
    00000b00: 74 2b 00 00 81 78 00 00 cb 4e 00 00 4a 56 00 00
    00000b10: a6 18 00 00 3a 1f 00 00 f8 59 00 00 fd 57 00 00
    00000b20: 1e 46 00 00 5d 2a 00 00 2f 7c 00 00 b9 2b 00 00
    00000b30: 0d 0c 00 00 66 44 00 00 cc 5c 00 00 f5 26 00 00
    00000b40: 5f 47 00 00 a5 7e 00 00 b2 0f 00 00 9d 76 00 00
    00000b50: 9b 77 00 00 92 07 00 00 48 42 00 00 09 28 00 00
    00000b60: 0b 74 00 00 60 1b 00 00 c1 39 00 00 30 3e 00 00
    00000b70: 1e 7c 00 00 d5 62 00 00 a1 06 00 00 19 27 00 00
    00000b80: 0a 27 00 00 58 34 00 00 7c 11 00 00 93 25 00 00
    00000b90: b5 76 00 00 4c 6b 00 00 01 65 00 00 26 03 00 00
    00000ba0: d6 11 00 00 9c 49 00 00 38 59 00 00 49 1e 00 00
    00000bb0: 57 69 00 00 97 17 00 00 08 04 00 00 d5 28 00 00
    00000bc0: ff 4c 00 00 ff 75 00 00 fc 12 00 00 ba 2a 00 00
    00000bd0: 4d 33 00 00 5c 16 00 00 47 72 00 00 f1 1c 00 00
    00000be0: a7 38 00 00 96 4d 00 00 05 65 00 00 b2 30 00 00
    00000bf0: b4 19 00 00 c3 34 00 00 c3 72 00 00 e6 16 00 00
    00000c00: 06 2d 00 00 3e 4c 00 00 42 4e 00 00 df 5b 00 00
    00000c10: fc 1f 00 00 f9 54 00 00 78 19 00 00 47 2b 00 00
    00000c20: e6 7a 00 00 14 54 00 00 d8 2a 00 00 56 10 00 00
    00000c30: 6b 30 00 00 ae 74 00 00 d3 37 00 00 48 06 00 00
    00000c40: 28 3c 00 00 fb 3b 00 00 9f 08 00 00 0f 6d 00 00
    00000c50: 9a 14 00 00 96 43 00 00 37 19 00 00 45 36 00 00
    00000c60: 3e 74 00 00 19 6e 00 00 a3 4b 00 00 64 5e 00 00
    00000c70: f6 3d 00 00 ec 49 00 00 79 0f 00 00 39 06 00 00
    00000c80: af 00 00 00 5a 16 00 00 a4 22 00 00 96 40 00 00
    00000c90: 41 5e 00 00 ea 1e 00 00 64 4f 00 00 48 68 00 00
    00000ca0: 96 59 00 00 ec 60 00 00 96 4b 00 00 48 12 00 00
    00000cb0: 0f 50 00 00 52 2f 00 00 36 1d 00 00 36 70 00 00
    00000cc0: 23 22 00 00 c1 48 00 00 22 28 00 00 02 37 00 00
    00000cd0: 4a 4f 00 00 e8 13 00 00 20 49 00 00 ed 5d 00 00
    00000ce0: 19 09 00 00 11 76 00 00 23 22 00 00 b0 49 00 00
    00000cf0: ae 01 00 00 f5 77 00 00 ca 7b 00 00 fa 37 00 00
    00000d00: 4e 79 00 00 d5 2c 00 00 2a 60 00 00 20 7f 00 00
    00000d10: 4d 4f 00 00 c6 0f 00 00 cd 52 00 00 10 76 00 00
    00000d20: 2e 1a 00 00 4d 4b 00 00 fa 49 00 00 88 18 00 00
    00000d30: 0c 0b 00 00 2b 1f 00 00 37 4d 00 00 85 3b 00 00
    00000d40: 39 20 00 00 7a 58 00 00 0d 5d 00 00 fd 65 00 00
    00000d50: 24 6b 00 00 f9 0f 00 00 0b 08 00 00 d0 21 00 00
    00000d60: 80 6d 00 00 a5 22 00 00 0e 51 00 00 fd 58 00 00
    00000d70: a2 51 00 00 89 18 00 00 bf 4a 00 00 11 13 00 00
    00000d80: 2b 02 00 00 d6 6d 00 00 5c 0c 00 00 e6 26 00 00
    00000d90: e8 64 00 00 36 72 00 00 bc 63 00 00 89 34 00 00
    00000da0: f6 3c 00 00 5e 32 00 00 8d 68 00 00 7c 7b 00 00
    00000db0: 2a 78 00 00 e2 1f 00 00 e1 54 00 00 1e 61 00 00
    00000dc0: af 6b 00 00 4e 6b 00 00 e9 46 00 00 67 3b 00 00
    00000dd0: f1 43 00 00 72 44 00 00 ff 4f 00 00 d8 33 00 00
    00000de0: ba 2b 00 00 fd 74 00 00 ea 74 00 00 b2 56 00 00
    00000df0: 9b 6e 00 00 4e 09 00 00 5e 03 00 00 67 22 00 00
    00000e00: 8e 1a 00 00 86 7b 00 00 c3 60 00 00 4e 2b 00 00
    00000e10: d9 64 00 00 e2 14 00 00 37 36 00 00 9a 27 00 00
    00000e20: 36 56 00 00 48 79 00 00 d6 1d 00 00 8d 77 00 00
    00000e30: 30 02 00 00 1f 11 00 00 39 35 00 00 e9 7d 00 00
    00000e40: d0 4d 00 00 64 45 00 00 3c 39 00 00 a8 5c 00 00
    00000e50: 79 09 00 00 fa 41 00 00 05 0f 00 00 ec 69 00 00
    00000e60: 11 62 00 00 42 32 00 00 42 5e 00 00 39 71 00 00
    00000e70: 61 6d 00 00 ec 2b 00 00 b1 20 00 00 e2 14 00 00
    00000e80: bf 55 00 00 0d 3c 00 00 e6 4a 00 00 c1 63 00 00
    00000e90: ea 68 00 00 71 4a 00 00 49 72 00 00 2b 77 00 00
    00000ea0: 35 0e 00 00 32 47 00 00 5e 14 00 00 23 2d 00 00
    00000eb0: e8 67 00 00 89 56 00 00 49 63 00 00 ce 52 00 00
    00000ec0: e3 23 00 00 e5 6e 00 00 91 3b 00 00 28 53 00 00
    00000ed0: 84 3f 00 00 3a 1d 00 00 24 27 00 00 f4 3d 00 00
    00000ee0: cb 42 00 00 9c 63 00 00 9b 11 00 00 f9 3a 00 00
    00000ef0: bc 36 00 00 0c 66 00 00 c0 11 00 00 6b 3d 00 00
    00000f00: 05 5b 00 00 92 59 00 00 4d 6c 00 00 a8 0b 00 00
    00000f10: e1 5e 00 00 8c 69 00 00 f7 33 00 00 25 6f 00 00
    00000f20: 3c 21 00 00 45 07 00 00 ab 2a 00 00 a7 20 00 00
    00000f30: 18 3c 00 00 c9 57 00 00 18 48 00 00 b6 44 00 00
    00000f40: 2f 5f 00 00 f8 33 00 00 6d 09 00 00 4e 0c 00 00
    00000f50: da 3d 00 00 da 6e 00 00 64 6e 00 00 d9 4d 00 00
    00000f60: 31 14 00 00 32 56 00 00 7f 47 00 00 5a 2a 00 00
    00000f70: 74 07 00 00 56 21 00 00 91 39 00 00 eb 12 00 00
    00000f80: aa 65 00 00 3d 42 00 00 81 1a 00 00 69 42 00 00
    00000f90: 87 08 00 00 da 4c 00 00 4b 0b 00 00 6e 7f 00 00
    00000fa0: 93 5f 00 00 a8 68 00 00 47 73 00 00 7f 3a 00 00
    00000fb0: 89 65 00 00 87 00 00 00 ae 40 00 00 87 5c 00 00
    00000fc0: fd 04 00 00 c6 24 00 00 5a 12 00 00 84 59 00 00
    00000fd0: 42 30 00 00 81 53 00 00 cd 2e 00 00 81 5b 00 00
    00000fe0: 8b 30 00 00 2d 1b 00 00 75 6c 00 00 c4 19 00 00
    00000ff0: 50 70 00 00 71 4b 00 00 2f 6f 00 00 48 30 00 00
    00001000: f4 44 00 00 37 28 00 00 09 5f 00 00 6e 0b 00 00
    00001010: a4 7b 00 00 04 53 00 00 4c 7c 00 00 ef 3b 00 00
    00001020: 82 2d 00 00 84 5e 00 00 ba 34 00 00 15 47 00 00
    00001030: 03 1f 00 00 6a 40 00 00 14 1e 00 00 2b 47 00 00
    00001040: 95 2e 00 00 77 15 00 00 df 79 00 00 32 70 00 00
    00001050: 86 16 00 00 d7 6b 00 00 68 26 00 00 d5 4c 00 00
    00001060: 21 06 00 00 b4 07 00 00 06 21 00 00 9f 47 00 00
    00001070: 1a 56 00 00 06 56 00 00 9f 7d 00 00 6c 54 00 00
    00001080: 2c 5c 00 00 a8 01 00 00 6d 77 00 00 1d 4e 00 00
    00001090: 00 22 00 00 b1 5e 00 00 02 7f 00 00 90 5c 00 00
    000010a0: 51 03 00 00 01 20 00 00 8a 69 00 00 d0 76 00 00
    000010b0: 4e 77 00 00 1a 0b 00 00 51 25 00 00 88 55 00 00
    000010c0: 3f 09 00 00 32 1e 00 00 85 17 00 00 be 69 00 00
    000010d0: 6c 44 00 00 86 5c 00 00 3c 07 00 00 bd 2b 00 00
    000010e0: 3a 17 00 00 f0 34 00 00 b8 39 00 00 53 56 00 00
    000010f0: 98 71 00 00 bc 36 00 00 ea 23 00 00 3d 62 00 00
    00001100: 99 22 00 00 b8 08 00 00 36 55 00 00 e0 55 00 00
    00001110: 62 39 00 00 8a 56 00 00 76 7f 00 00 3a 3d 00 00
    00001120: 47 6d 00 00 46 28 00 00 41 40 00 00 17 5e 00 00
    00001130: 31 51 00 00 40 58 00 00 6d 0f 00 00 88 7c 00 00
    00001140: 43 56 00 00 1f 1b 00 00 d2 76 00 00 91 43 00 00
    00001150: bd 61 00 00 33 4e 00 00 51 77 00 00 22 26 00 00
    00001160: 20 7a 00 00 09 00 00 00 16 3f 00 00 48 4c 00 00
    00001170: 93 4f 00 00 3c 67 00 00 19 15 00 00 a5 60 00 00
    00001180: 85 23 00 00 8d 3b 00 00 eb 1d 00 00 1e 52 00 00
    00001190: 94 53 00 00 36 25 00 00 af 5d 00 00 d3 5d 00 00
    000011a0: ad 0b 00 00 7c 36 00 00 66 1b 00 00 54 75 00 00
    000011b0: 75 63 00 00 84 23 00 00 71 09 00 00 12 55 00 00
    000011c0: e8 6a 00 00 67 2c 00 00 50 57 00 00 13 5f 00 00
    000011d0: 40 6a 00 00 88 6d 00 00 b0 10 00 00 ea 0d 00 00
    000011e0: 19 59 00 00 26 0a 00 00 a5 6d 00 00 e7 13 00 00
    000011f0: d2 50 00 00 2d 65 00 00 34 78 00 00 8b 7a 00 00
    00001200: 36 7e 00 00 52 5c 00 00 14 2b 00 00 3e 56 00 00
    00001210: 5c 56 00 00 5e 39 00 00 b5 6d 00 00 44 62 00 00
    00001220: cb 12 00 00 ca 4d 00 00 82 11 00 00 ee 18 00 00
    00001230: e2 38 00 00 8d 6c 00 00 64 34 00 00 0d 1c 00 00
    00001240: 78 30 00 00 32 36 00 00 87 2c 00 00 ac 01 00 00
    00001250: bf 2d 00 00 2d 6b 00 00 60 61 00 00 ff 58 00 00
    00001260: 6e 72 00 00 6f 38 00 00 ef 35 00 00 96 7b 00 00
    00001270: 1f 2a 00 00 38 32 00 00 41 68 00 00 d6 7e 00 00
    00001280: f5 65 00 00 2d 71 00 00 3a 0a 00 00 aa 59 00 00
    00001290: 83 7b 00 00 aa 05 00 00 91 77 00 00 76 12 00 00
    000012a0: e9 4a 00 00 59 35 00 00 1c 6d 00 00 4d 09 00 00
    000012b0: 40 30 00 00 04 37 00 00 4e 25 00 00 63 32 00 00
    000012c0: 39 24 00 00 a7 60 00 00 fe 1d 00 00 c5 54 00 00
    000012d0: 00 50 00 00 ca 7b 00 00 69 6b 00 00 47 21 00 00
    000012e0: 67 18 00 00 0d 34 00 00 7b 3c 00 00 be 35 00 00
    000012f0: 40 64 00 00 05 54 00 00 4a 74 00 00 70 60 00 00
    00001300: 0a 22 00 00 46 44 00 00 e4 7c 00 00 c9 37 00 00
    00001310: d1 50 00 00 c1 00 00 00 4a 37 00 00 50 5a 00 00
    00001320: 4f 10 00 00 51 78 00 00 bc 2c 00 00 d9 6a 00 00
    00001330: 57 7c 00 00 90 0a 00 00 37 65 00 00 fb 1c 00 00
    00001340: 74 57 00 00 ef 17 00 00 3d 07 00 00 c4 65 00 00
    00001350: cd 48 00 00 06 58 00 00 d4 24 00 00 ac 24 00 00
    00001360: 4b 31 00 00 28 6a 00 00 d1 59 00 00 c8 58 00 00
    00001370: fe 5b 00 00 3b 54 00 00 56 1f 00 00 40 36 00 00
    00001380: bd 0d 00 00 c6 63 00 00 9a 78 00 00 03 30 00 00
    00001390: 0d 38 00 00 4c 25 00 00 e8 5c 00 00 b9 49 00 00
    000013a0: 45 53 00 00 d9 65 00 00 eb 02 00 00 fa 45 00 00
    000013b0: ef 23 00 00 da 72 00 00 28 71 00 00 bd 04 00 00
    000013c0: 70 6f 00 00 31 0c 00 00 cc 77 00 00 13 26 00 00
    000013d0: ec 63 00 00 89 3c 00 00 a8 77 00 00 15 45 00 00
    000013e0: 64 37 00 00 e7 0b 00 00 7a 1a 00 00 1a 5f 00 00
    000013f0: 21 42 00 00 82 40 00 00 6e 60 00 00 2e 3b 00 00
    00001400: 56 18 00 00 d5 21 00 00 e4 26 00 00 c0 65 00 00
    00001410: 01 67 00 00 f2 71 00 00 74 0c 00 00 9b 14 00 00
    00001420: 12 18 00 00 19 11 00 00 2f 56 00 00 18 07 00 00
    00001430: cf 01 00 00 89 7f 00 00 28 3a 00 00 91 36 00 00
    00001440: 77 25 00 00 96 31 00 00 34 33 00 00 18 6b 00 00
    00001450: 25 41 00 00 fc 69 00 00 ed 41 00 00 69 08 00 00
    00001460: f8 38 00 00 73 0e 00 00 fd 3e 00 00 1e 27 00 00
    00001470: 71 1b 00 00 84 2a 00 00 99 22 00 00 22 4e 00 00
    00001480: 1c 45 00 00 9a 14 00 00 4b 65 00 00 68 60 00 00
    00001490: 73 67 00 00 5c 69 00 00 f5 5d 00 00 dd 12 00 00
    000014a0: ff 76 00 00 3a 51 00 00 13 41 00 00 9b 7e 00 00
    000014b0: c0 44 00 00 46 44 00 00 40 25 00 00 5f 23 00 00
    000014c0: cf 46 00 00 46 40 00 00 fc 30 00 00 3d 6e 00 00
    000014d0: 42 54 00 00 07 25 00 00 ac 55 00 00 92 18 00 00
    000014e0: 50 58 00 00 f4 2a 00 00 e2 3b 00 00 3b 73 00 00
    000014f0: b6 40 00 00 e6 27 00 00 df 44 00 00 04 72 00 00
    00001500: 58 2b 00 00 3e 16 00 00 56 45 00 00 63 0b 00 00
    00001510: 2c 17 00 00 32 12 00 00 73 5d 00 00 67 40 00 00
    00001520: 54 1c 00 00 64 41 00 00 1c 12 00 00 eb 60 00 00
    00001530: 8a 6f 00 00 b9 58 00 00 77 0b 00 00 0f 60 00 00
    00001540: c1 34 00 00 68 34 00 00 ac 1c 00 00 e9 4c 00 00
    00001550: 09 65 00 00 51 36 00 00 ec 78 00 00 77 43 00 00
    00001560: b4 4b 00 00 91 5e 00 00 b2 39 00 00 d8 69 00 00
    00001570: b7 5e 00 00 53 52 00 00 48 1a 00 00 bc 4d 00 00
    00001580: 53 76 00 00 e8 44 00 00 8e 0c 00 00 1a 36 00 00
    00001590: f4 27 00 00 1b 77 00 00 f7 0a 00 00 21 3d 00 00
    000015a0: 59 48 00 00 be 40 00 00 d4 4b 00 00 70 46 00 00
    000015b0: f5 58 00 00 89 58 00 00 d5 39 00 00 89 25 00 00
    000015c0: 95 64 00 00 25 4e 00 00 cc 55 00 00 83 08 00 00
    000015d0: 44 0f 00 00 83 6a 00 00 b5 65 00 00 00 7b 00 00
    000015e0: 6b 5d 00 00 72 6a 00 00 f4 14 00 00 5f 15 00 00
    000015f0: 3d 76 00 00 71 47 00 00 dd 69 00 00 33 2c 00 00
    00001600: 52 65 00 00 c1 02 00 00 79 34 00 00 f3 13 00 00
    00001610: 92 1f 00 00 bf 26 00 00 87 5a 00 00 f3 4c 00 00
    00001620: 55 4f 00 00 71 72 00 00 c2 24 00 00 92 2b 00 00
    00001630: c9 2b 00 00 5f 63 00 00 62 71 00 00 b5 50 00 00
    00001640: 93 5f 00 00 a4 11 00 00 e5 6f 00 00 75 06 00 00
    00001650: b9 42 00 00 44 12 00 00 0f 4a 00 00 15 55 00 00
    00001660: bf 6b 00 00 c0 53 00 00 30 5e 00 00 37 64 00 00
    00001670: 10 5c 00 00 e8 28 00 00 a5 6e 00 00 4f 7c 00 00
    00001680: a0 4b 00 00 f1 75 00 00 a1 6a 00 00 57 3c 00 00
    00001690: d0 57 00 00 c7 33 00 00 2e 34 00 00 c5 57 00 00
    000016a0: 92 19 00 00 a4 3d 00 00 6e 07 00 00 ba 70 00 00
    000016b0: cd 66 00 00 e2 1c 00 00 27 67 00 00 7c 62 00 00
    000016c0: 03 43 00 00 0e 47 00 00 7e 32 00 00 26 10 00 00
    000016d0: 31 43 00 00 3d 02 00 00 03 48 00 00 9e 0b 00 00
    000016e0: f6 68 00 00 a3 63 00 00 ee 59 00 00 c8 28 00 00
    000016f0: f8 38 00 00 61 1c 00 00 a8 57 00 00 f9 50 00 00
    00001700: 84 10 00 00 9f 08 00 00 8e 10 00 00 af 2a 00 00
    00001710: 74 7e 00 00 db 34 00 00 f1 73 00 00 7f 69 00 00
    00001720: 56 23 00 00 80 4d 00 00 61 12 00 00 4e 5a 00 00
    00001730: ca 5c 00 00 bb 2c 00 00 2b 44 00 00 c4 7f 00 00
    00001740: 2c 40 00 00 8a 7a 00 00 20 19 00 00 fe 52 00 00
    00001750: 73 28 00 00 16 13 00 00 98 75 00 00 83 7c 00 00
    00001760: 59 5b 00 00 42 27 00 00 b7 00 00 00 7a 19 00 00
    00001770: bd 09 00 00 84 4b 00 00 ef 47 00 00 1a 61 00 00
    00001780: 45 2f 00 00 f4 68 00 00 c6 3b 00 00 61 3e 00 00
    00001790: 47 15 00 00 a2 44 00 00 da 69 00 00 09 32 00 00
    000017a0: ea 7c 00 00 2d 11 00 00 22 18 00 00 b8 10 00 00
    000017b0: 88 34 00 00 91 3e 00 00 76 25 00 00 77 71 00 00
    000017c0: 57 1c 00 00 41 7c 00 00 52 53 00 00 65 60 00 00
    000017d0: 49 5e 00 00 76 21 00 00 d7 5c 00 00 ac 29 00 00
    000017e0: 30 5d 00 00 c6 6f 00 00 12 7f 00 00 b5 50 00 00
    000017f0: 26 1f 00 00 f8 63 00 00 81 56 00 00 98 07 00 00
    00001800: 2c 37 00 00 17 09 00 00 d3 35 00 00 d7 3a 00 00
    00001810: 11 72 00 00 c5 01 00 00 f0 59 00 00 4b 05 00 00
    00001820: 96 4a 00 00 d2 3b 00 00 39 1f 00 00 5e 20 00 00
    00001830: cf 68 00 00 0d 02 00 00 11 1c 00 00 7b 24 00 00
    00001840: cc 30 00 00 5a 60 00 00 9c 44 00 00 c3 2d 00 00
    00001850: 79 24 00 00 05 0e 00 00 c6 7b 00 00 02 39 00 00
    00001860: c3 1c 00 00 56 52 00 00 88 35 00 00 e1 4c 00 00
    00001870: fc 1d 00 00 66 17 00 00 67 0e 00 00 5d 43 00 00
    00001880: 81 4b 00 00 30 1f 00 00 3d 7c 00 00 77 47 00 00
    00001890: 9a 3e 00 00 eb 0e 00 00 3b 7c 00 00 2d 5b 00 00
    000018a0: a1 44 00 00 98 44 00 00 2f 62 00 00 aa 79 00 00
    000018b0: 67 48 00 00 d7 2a 00 00 03 2d 00 00 ba 29 00 00
    000018c0: d3 6a 00 00 fe 7e 00 00 86 04 00 00 80 14 00 00
    000018d0: cc 0e 00 00 6c 3d 00 00 70 44 00 00 6b 74 00 00
    000018e0: 59 5c 00 00 1b 28 00 00 a0 38 00 00 66 70 00 00
    000018f0: 07 7f 00 00 75 1b 00 00 a7 6e 00 00 4f 37 00 00
    00001900: 8c 23 00 00 69 25 00 00 8a 40 00 00 ab 6f 00 00
    00001910: a9 78 00 00 bd 12 00 00 c4 7c 00 00 98 4f 00 00
    00001920: 55 37 00 00 a6 66 00 00 8b 4f 00 00 02 71 00 00
    00001930: 17 76 00 00 96 70 00 00 54 51 00 00 1a 36 00 00
    00001940: b4 4b 00 00 55 74 00 00 99 5e 00 00 04 52 00 00
    00001950: 0a 05 00 00 53 18 00 00 da 1c 00 00 d0 49 00 00
    00001960: 3c 72 00 00 3d 0e 00 00 e2 50 00 00 ac 01 00 00
    00001970: 0f 0f 00 00 ce 29 00 00 4b 6a 00 00 58 2a 00 00
    00001980: 94 0a 00 00 e8 59 00 00 44 68 00 00 da 22 00 00
    00001990: 08 72 00 00 e3 37 00 00 92 7b 00 00 72 22 00 00
    000019a0: f8 02 00 00 25 21 00 00 d5 09 00 00 d0 3e 00 00
    000019b0: a8 68 00 00 f2 0e 00 00 0d 76 00 00 85 22 00 00
    000019c0: b6 68 00 00 86 20 00 00 5c 52 00 00 b8 07 00 00
    000019d0: fb 42 00 00 61 0b 00 00 0e 5f 00 00 1a 4b 00 00
    000019e0: b2 48 00 00 e3 65 00 00 d6 7a 00 00 1c 2b 00 00
    000019f0: dc 6e 00 00 18 00 00 00 5a 68 00 00 5f 07 00 00
    00001a00: e3 5f 00 00 d5 3e 00 00 f2 0c 00 00 6b 34 00 00
    00001a10: 7d 50 00 00 04 2d 00 00 ad 0c 00 00 a5 37 00 00
    00001a20: d3 1b 00 00 3c 37 00 00 96 67 00 00 7b 7f 00 00
    00001a30: e3 6a 00 00 95 45 00 00 35 7c 00 00 e2 6b 00 00
    00001a40: 22 6b 00 00 ba 27 00 00 58 13 00 00 02 3b 00 00
    00001a50: 66 58 00 00 3f 07 00 00 13 59 00 00 2f 2e 00 00
    00001a60: 04 5e 00 00 35 54 00 00 05 67 00 00 1c 7b 00 00
    00001a70: 35 13 00 00 fc 5f 00 00 dd 43 00 00 4b 5d 00 00
    00001a80: bf 16 00 00 59 1a 00 00 1d 7c 00 00 c8 5b 00 00
    00001a90: d1 0d 00 00 c8 24 00 00 1e 38 00 00 17 17 00 00
    00001aa0: 2e 0a 00 00 14 30 00 00 54 73 00 00 6b 33 00 00
    00001ab0: 8d 1b 00 00 24 58 00 00 d4 38 00 00 19 33 00 00
    00001ac0: 40 10 00 00 18 72 00 00 13 09 00 00 4b 55 00 00
    00001ad0: 15 29 00 00 95 00 00 00 f1 4c 00 00 f9 4c 00 00
    00001ae0: 7a 44 00 00 5c 42 00 00 f6 79 00 00 15 64 00 00
    00001af0: e4 44 00 00 22 0f 00 00 db 4b 00 00 06 5f 00 00
    00001b00: 71 36 00 00 9c 76 00 00 4c 37 00 00 58 34 00 00
    00001b10: cc 77 00 00 d9 55 00 00 ec 79 00 00 b2 6c 00 00
    00001b20: 51 6a 00 00 d4 56 00 00 9a 6b 00 00 08 3f 00 00
    00001b30: 71 6d 00 00 4a 0e 00 00 f3 74 00 00 11 3d 00 00
    00001b40: 58 29 00 00 c9 2b 00 00 17 4f 00 00 fc 23 00 00
    00001b50: ce 6c 00 00 0a 70 00 00 b0 70 00 00 5f 25 00 00
    00001b60: 5b 22 00 00 80 5d 00 00 31 4c 00 00 70 3c 00 00
    00001b70: af 20 00 00 31 57 00 00 5c 43 00 00 77 63 00 00
    00001b80: 40 5a 00 00 c5 21 00 00 07 74 00 00 83 3d 00 00
    00001b90: 35 30 00 00 dc 7a 00 00 1f 42 00 00 5c 08 00 00
    00001ba0: 83 6c 00 00 a5 3a 00 00 ed 42 00 00 ba 6a 00 00
    00001bb0: 56 27 00 00 ad 33 00 00 98 6d 00 00 b4 72 00 00
    00001bc0: b2 1b 00 00 f4 44 00 00 ec 34 00 00 7b 58 00 00
    00001bd0: 5a 2f 00 00 46 52 00 00 59 6e 00 00 48 59 00 00
    00001be0: f1 31 00 00 c8 16 00 00 3f 2a 00 00 93 3e 00 00
    00001bf0: 5f 17 00 00 d2 05 00 00 69 61 00 00 86 65 00 00
    00001c00: 76 31 00 00 fc 2d 00 00 d7 1b 00 00 b1 5a 00 00
    00001c10: d6 2c 00 00 7c 52 00 00 c0 74 00 00 ff 5d 00 00
    00001c20: 0d 55 00 00 af 2e 00 00 d7 1f 00 00 e9 62 00 00
    00001c30: 03 64 00 00 f5 17 00 00 ce 53 00 00 e9 60 00 00
    00001c40: 96 60 00 00 c2 71 00 00 18 3e 00 00 32 08 00 00
    00001c50: 81 50 00 00 f2 27 00 00 f4 63 00 00 9e 2e 00 00
    00001c60: 82 41 00 00 5d 23 00 00 a7 14 00 00 e8 08 00 00
    00001c70: bc 6d 00 00 ac 6c 00 00 08 51 00 00 1b 04 00 00
    00001c80: 5a 7f 00 00 6b 71 00 00 42 4c 00 00 4a 53 00 00
    00001c90: 75 37 00 00 5f 1f 00 00 d6 69 00 00 82 05 00 00
    00001ca0: 37 7c 00 00 19 4a 00 00 df 5c 00 00 fd 37 00 00
    00001cb0: 41 12 00 00 cb 0e 00 00 9a 4c 00 00 98 38 00 00
    00001cc0: 4b 05 00 00 5b 2a 00 00 25 22 00 00 87 2c 00 00
    00001cd0: 0a 04 00 00 b6 75 00 00 87 63 00 00 48 0f 00 00
    00001ce0: 57 33 00 00 67 7c 00 00 f1 3f 00 00 d5 1d 00 00
    00001cf0: 8d 3c 00 00 68 61 00 00 44 31 00 00 1e 02 00 00
    00001d00: 33 1b 00 00 37 06 00 00 d2 56 00 00 b6 52 00 00
    00001d10: db 6d 00 00 2d 28 00 00 69 6d 00 00 cd 3a 00 00
    00001d20: 49 4e 00 00 0c 68 00 00 8e 08 00 00 5e 5e 00 00
    00001d30: d8 74 00 00 d7 6f 00 00 06 71 00 00 a9 4e 00 00
    00001d40: 1a 2b 00 00 e6 2a 00 00 9b 4c 00 00 e4 22 00 00
    00001d50: bf 51 00 00 39 44 00 00 1c 73 00 00 2e 09 00 00
    00001d60: b8 7d 00 00 0d 5f 00 00 a6 14 00 00 c4 63 00 00
    00001d70: 9c 70 00 00 ad 3d 00 00 22 15 00 00 77 46 00 00
    00001d80: 4a 70 00 00 8b 4a 00 00 0f 41 00 00 5e 68 00 00
    00001d90: d0 41 00 00 8f 37 00 00 82 3f 00 00 c8 5d 00 00
    00001da0: 8b 4b 00 00 af 27 00 00 6a 65 00 00 74 2e 00 00
    00001db0: 90 22 00 00 c0 16 00 00 19 4e 00 00 05 1c 00 00
    00001dc0: 4b 07 00 00 8b 73 00 00 00 5d 00 00 b0 2c 00 00
    00001dd0: 66 15 00 00 24 20 00 00 ba 0c 00 00 38 4e 00 00
    00001de0: ec 2a 00 00 77 4c 00 00 4d 2f 00 00 1c 25 00 00
    00001df0: af 4a 00 00 24 5f 00 00 ac 03 00 00 0f 5c 00 00
    00001e00: e7 7d 00 00 8d 60 00 00 80 44 00 00 a8 07 00 00
    00001e10: 1b 79 00 00 2c 1c 00 00 27 14 00 00 5b 72 00 00
    00001e20: 45 08 00 00 2b 6c 00 00 fd 69 00 00 a8 64 00 00
    00001e30: 31 06 00 00 2e 63 00 00 db 64 00 00 92 3d 00 00
    00001e40: 26 63 00 00 74 48 00 00 de 26 00 00 53 6f 00 00
    00001e50: c8 7e 00 00 1e 1a 00 00 6a 1e 00 00 4e 34 00 00
    00001e60: 3d 59 00 00 ce 09 00 00 6e 60 00 00 45 10 00 00
    00001e70: 8f 5f 00 00 74 27 00 00 e9 77 00 00 cc 71 00 00
    00001e80: 51 57 00 00 65 2e 00 00 ad 4e 00 00 fd 07 00 00
    00001e90: 86 2d 00 00 ae 28 00 00 63 13 00 00 6e 20 00 00
    00001ea0: be 2c 00 00 a7 5c 00 00 cf 40 00 00 60 21 00 00
    00001eb0: 82 5e 00 00 cb 38 00 00 55 2a 00 00 39 74 00 00
    00001ec0: f2 1b 00 00 c6 31 00 00 bc 31 00 00 35 74 00 00
    00001ed0: ad 11 00 00 d0 46 00 00 33 0a 00 00 58 35 00 00
    00001ee0: f1 3a 00 00 3a 20 00 00 91 2c 00 00 a7 37 00 00
    00001ef0: 04 18 00 00 46 7c 00 00 e1 60 00 00 97 5a 00 00
    00001f00: d2 23 00 00 3c 5e 00 00 1e 01 00 00 c6 24 00 00
    00001f10: d7 4c 00 00 ba 33 00 00 3b 59 00 00 e9 33 00 00
    00001f20: 3f 75 00 00 4c 64 00 00 66 48 00 00 05 69 00 00
    00001f30: 4c 3e 00 00 3c 7f 00 00 8e 07 00 00 e3 24 00 00
    00001f40: f9 22 00 00 ac 7b 00 00 23 39 00 00 be 28 00 00
    00001f50: dd 25 00 00 e1 3e 00 00 1d 26 00 00 3e 6f 00 00
    00001f60: 51 16 00 00 e2 5c 00 00 3f 4c 00 00 aa 11 00 00
    00001f70: d5 30 00 00 42 47 00 00 9d 21 00 00 59 0d 00 00
    00001f80: b0 1e 00 00 3a 5e 00 00 5c 31 00 00 69 7d 00 00
    00001f90: d7 18 00 00 fb 17 00 00 b9 75 00 00 b4 1c 00 00
    00001fa0: 10 32 00 00 41 32 00 00 4c 13 00 00 00 24 00 00
    00001fb0: 57 0c 00 00 2c 22 00 00 8e 59 00 00 76 58 00 00
    00001fc0: 81 7d 00 00 4c 36 00 00 9a 2c 00 00 56 5e 00 00
    00001fd0: 1f 67 00 00 fa 1e 00 00 30 3c 00 00 e8 23 00 00
    00001fe0: a5 45 00 00 ef 50 00 00 ff 2b 00 00 b6 78 00 00
    00001ff0: cc 3a 00 00 0f 76 00 00 24 11 00 00 f8 24 00 00
