    00000000: 00 00 00 00 00 00 00 00 00 00 00 00 00 00 00 00
    00000010: 00 00 00 00 00 00 00 00 c1 4a 7c 00 00 00 00 00
    00000020: 00 00 00 40 b0 01 00 00 03 00 00 00 ff ff ff ff
    00000030: ff ff ff ff ff ff ff ff ff ff ff ff 09 00 00 00
    00000040: 7f 00 00 00 00 00 00 00 ff ff ff ff b7 99 d8 42
    00000050: 90 a0 00 00 00 2a 02 00 00 00 00 00 01 00 00 00
    00000060: 00 00 00 00 04 00 00 00 10 00 00 00 00 00 00 00
    00000070: 00 00 00 00 00 00 00 00 00 00 00 00 00 00 00 00
    00000080: 00 00 00 00 00 00 00 00 00 00 00 00 00 00 00 00
    00000090: 00 00 00 00 00 00 00 00 00 00 00 00 00 00 00 00
    000000a0: 00 00 00 00 00 00 00 00 00 00 00 00 00 00 00 00
    000000b0: 00 00 00 00 00 00 00 00 00 00 00 00 00 00 00 00
    000000c0: 00 00 00 00 00 00 00 00 00 00 00 00 00 00 00 00
    000000d0: 00 00 00 00 00 00 00 00 00 00 00 00 00 00 00 00
    000000e0: 00 00 00 00 00 00 00 00 00 00 00 00 00 00 00 00
    000000f0: 00 00 00 00 00 00 00 00 00 00 00 00 00 00 00 00
    00000100: 00 00 00 00 00 00 00 00 00 00 00 00 00 00 00 00
    00000110: 00 00 00 00 00 00 00 00 00 00 00 00 00 00 00 00
    00000120: 00 00 00 00 00 00 00 00 00 00 00 00 00 00 00 00
    00000130: 00 00 00 00 00 00 00 00 00 00 00 00 00 00 00 00
    00000140: 00 00 00 00 00 00 00 00 00 00 00 00 00 00 00 00
    00000150: 00 00 00 00 00 00 00 00 00 00 00 00 00 00 00 00
    00000160: 00 00 00 00 00 00 00 00 00 00 00 00 00 00 00 00
    00000170: 00 00 00 00 00 00 00 00 00 00 00 00 00 00 00 00
    00000180: 00 00 00 00 00 00 00 00 00 00 00 00 00 00 00 00
    00000190: 00 00 00 00 00 00 00 00 00 00 00 00 00 00 00 00
    000001a0: 00 00 00 00 00 00 00 00 00 00 00 00 00 00 00 00
    000001b0: 00 00 00 00 00 00 00 00 00 00 00 00 00 00 00 00
    000001c0: 00 00 00 00 00 00 00 00 00 00 00 00 00 00 00 00
    000001d0: 00 00 00 00 00 00 00 00 00 00 00 00 00 00 00 00
    000001e0: 00 00 00 00 00 00 00 00 00 00 00 00 00 00 00 00
    000001f0: 00 00 00 00 00 00 00 00 00 00 00 00 00 00 00 00
