    00000000: 53 59 53 5f 50 41 52 41 00 01 00 00 01 00 00 00
    00000010: 01 00 00 00 00 00 00 02 00 00 00 02 00 01 00 02
    00000020: 80 00 00 00 00 00 00 00 00 00 00 00 c1 4a 7c 00
    00000030: 00 00 00 00 00 00 00 00 00 00 00 00 00 00 00 00
    00000040: 00 00 00 00 00 00 00 00 00 00 00 00 00 00 00 00
    00000050: 00 00 00 00 00 00 00 00 00 00 00 00 00 00 00 00
    00000060: 00 00 00 00 00 00 00 00 00 00 00 00 00 00 00 00
    00000070: 00 00 00 40 e0 01 00 00 03 00 00 00 01 00 00 00
    00000080: 00 10 00 00 10 00 00 00 20 00 00 00 06 00 00 00
    00000090: 7b 00 00 00 00 00 00 00 00 04 00 00 92 66 92 30
    000000a0: 90 10 00 00 c8 a0 01 00 00 00 00 00 00 00 00 00
    000000b0: 00 00 00 00 00 00 00 00 00 00 00 00 00 00 00 00
    000000c0: 00 00 00 00 00 00 00 00 00 00 00 00 08 00 00 00
    000000d0: 00 00 00 00 00 00 00 00 00 00 00 00 00 00 00 00
    000000e0: 00 00 00 00 00 00 00 00 00 00 00 00 00 00 00 00
    000000f0: 00 00 00 00 00 00 00 00 00 00 00 00 00 00 00 00
    00000100: 00 00 00 00 00 00 00 00 00 00 00 00 00 00 00 00
    00000110: 00 00 00 00 00 00 00 00 00 00 00 00 00 00 00 00
    00000120: 00 00 00 00 00 00 00 00 00 00 00 00 00 00 00 00
    00000130: 00 00 00 00 00 00 00 00 00 00 00 00 00 00 00 00
    00000140: 00 00 00 00 00 00 00 00 00 00 00 00 00 00 00 00
    00000150: 00 00 00 00 00 00 00 00 00 00 00 00 00 00 00 00
    00000160: 00 00 00 00 00 00 00 00 00 00 00 00 00 00 00 00
    00000170: 00 00 00 00 00 00 00 00 00 00 00 00 00 00 00 00
    00000180: 00 00 00 00 00 00 00 00 00 00 00 00 00 00 00 00
    00000190: 00 00 00 00 00 00 00 00 00 00 00 00 00 00 00 00
    000001a0: 00 00 00 00 00 00 00 00 00 00 00 00 00 00 00 00
    000001b0: 00 00 00 00 00 00 00 00 00 00 00 00 00 00 00 00
    000001c0: 00 00 00 00 00 00 00 00 00 00 00 00 00 00 00 00
    000001d0: 00 00 00 00 00 00 00 00 00 00 00 00 00 00 00 00
    000001e0: 00 00 00 00 00 00 00 00 00 00 00 00 00 00 00 00
    000001f0: 00 00 00 00 00 00 00 00 00 00 00 00 00 00 00 00
    00000200: 00 00 00 00 00 00 00 00 00 00 00 00 00 00 00 00
    00000210: 00 00 00 00 00 00 00 00 00 00 00 00 00 00 00 00
    00000220: 00 00 00 00 00 00 00 00 00 00 00 00 00 00 00 00
    00000230: 00 00 00 00 00 00 00 00 00 00 00 00 00 00 00 00
    00000240: 00 00 00 00 00 00 00 00 00 00 00 00 00 00 00 00
    00000250: 00 00 00 00 00 00 00 00 00 00 00 00 00 00 00 00
    00000260: 00 00 00 00 00 00 00 00 00 00 00 00 00 00 00 00
    00000270: 00 00 00 00 00 00 00 00 00 00 00 00 00 00 00 00
    00000280: 00 00 00 00 00 00 00 00 00 00 00 00 00 00 00 00
    00000290: 00 00 00 00 00 00 00 00 00 00 00 00 00 00 00 00
    000002a0: 00 00 00 00 00 00 00 00 00 00 00 00 00 00 00 00
    000002b0: 00 00 00 00 00 00 00 00 00 00 00 00 00 00 00 00
    000002c0: 00 00 00 00 00 00 00 00 00 00 00 00 00 00 00 00
    000002d0: 00 00 00 00 00 00 00 00 00 00 00 00 00 00 00 00
    000002e0: 00 00 00 00 00 00 00 00 00 00 00 00 00 00 00 00
    000002f0: 00 00 00 00 00 00 00 00 00 00 00 00 00 00 00 00
    00000300: 00 00 00 00 00 00 00 00 00 00 00 00 00 00 00 00
    00000310: 00 00 00 00 00 00 00 00 00 00 00 00 00 00 00 00
    00000320: 00 00 00 00 00 00 00 00 00 00 00 00 00 00 00 00
    00000330: 00 00 00 00 00 00 00 00 00 00 00 00 00 00 00 00
    00000340: 00 00 00 00 00 00 00 00 00 00 00 00 00 00 00 00
    00000350: 00 00 00 00 00 00 00 00 00 00 00 00 00 00 00 00
    00000360: 00 00 00 00 00 00 00 00 00 00 00 00 00 00 00 00
    00000370: 00 00 00 00 00 00 00 00 00 00 00 00 00 00 00 00
    00000380: 00 00 00 00 00 00 00 00 00 00 00 00 00 00 00 00
    00000390: 00 00 00 00 00 00 00 00 00 00 00 00 00 00 00 00
    000003a0: 00 00 00 00 00 00 00 00 00 00 00 00 00 00 00 00
    000003b0: 00 00 00 00 00 00 00 00 00 00 00 00 00 00 00 00
    000003c0: 00 00 00 00 00 00 00 00 00 00 00 00 00 00 00 00
    000003d0: 00 00 00 00 00 00 00 00 00 00 00 00 00 00 00 00
    000003e0: 00 00 00 00 00 00 00 00 00 00 00 00 00 00 00 00
    000003f0: 00 00 00 00 00 00 00 00 00 00 00 00 00 00 00 00
    00000400: 00 00 00 00 00 00 00 00 00 00 00 00 00 00 00 00
    00000410: 00 00 00 00 00 00 00 00 00 00 00 00 00 00 00 00
    00000420: 00 00 00 00 00 00 00 00 00 00 00 00 00 00 00 00
    00000430: 00 00 00 00 00 00 00 00 00 00 00 00 00 00 00 00
    00000440: 00 00 00 00 00 00 00 00 00 00 00 00 00 00 00 00
    00000450: 00 00 00 00 00 00 00 00 00 00 00 00 00 00 00 00
    00000460: 00 00 00 00 00 00 00 00 00 00 00 00 00 00 00 00
    00000470: 00 00 00 00 00 00 00 00 00 00 00 00 00 00 00 00
    00000480: 00 00 00 00 00 00 00 00 00 00 00 00 00 00 00 00
    00000490: 00 00 00 00 00 00 00 00 00 00 00 00 00 00 00 00
    000004a0: 00 00 00 00 00 00 00 00 00 00 00 00 00 00 00 00
    000004b0: 00 00 00 00 00 00 00 00 00 00 00 00 00 00 00 00
    000004c0: 00 00 00 00 00 00 00 00 00 00 00 00 00 00 00 00
    000004d0: 00 04 00 00 06 00 00 00 00 00 00 00 00 00 01 00
    000004e0: 44 49 53 4b 00 00 00 00 00 00 00 00 00 00 00 00
    000004f0: 00 00 00 00 00 00 00 00 00 00 00 00 00 00 00 00
    00000500: 62 6f 6f 74 6c 6f 61 64 65 72 00 00 00 00 00 00
    00000510: 00 00 00 00 00 00 00 00 00 00 00 00 00 00 00 00
    00000520: 00 00 00 00 00 00 00 00 00 00 00 00 00 00 00 00
    00000530: 00 00 00 00 00 00 00 00 00 00 00 00 00 00 00 00
    00000540: 00 00 00 00 00 08 00 00 44 49 53 4b 00 00 00 00
    00000550: 00 00 00 00 00 00 00 00 00 00 00 00 00 00 00 00
    00000560: 00 00 00 00 00 00 00 00 65 6e 76 00 00 00 00 00
    00000570: 00 00 00 00 00 00 00 00 00 00 00 00 00 00 00 00
    00000580: 00 00 00 00 00 00 00 00 00 00 00 00 00 00 00 00
    00000590: 00 00 00 00 00 00 00 00 00 00 00 00 00 00 00 00
    000005a0: 00 00 00 00 00 00 00 00 00 00 00 00 00 00 10 00
    000005b0: 44 49 53 4b 00 00 00 00 00 00 00 00 00 00 00 00
    000005c0: 00 00 00 00 00 00 00 00 00 00 00 00 00 00 00 00
    000005d0: 72 6f 6f 74 66 73 00 00 00 00 00 00 00 00 00 00
    000005e0: 00 00 00 00 00 00 00 00 00 00 00 00 00 00 00 00
    000005f0: 00 00 00 00 00 00 00 00 00 00 00 00 00 00 00 00
    00000600: 00 00 00 00 00 00 00 00 00 00 00 00 00 00 00 00
    00000610: 00 00 00 00 00 00 10 00 44 49 53 4b 00 00 00 00
    00000620: 00 00 00 00 00 00 00 00 00 00 00 00 00 00 00 00
    00000630: 00 00 00 00 00 00 00 00 75 6c 69 62 00 00 00 00
    00000640: 00 00 00 00 00 00 00 00 00 00 00 00 00 00 00 00
    00000650: 00 00 00 00 00 00 00 00 00 00 00 00 00 00 00 00
    00000660: 00 00 00 00 00 00 00 00 00 00 00 00 00 00 00 00
    00000670: 00 00 00 00 00 00 00 00 00 00 00 00 00 00 10 00
    00000680: 44 49 53 4b 00 00 00 00 00 00 00 00 00 00 00 00
    00000690: 00 00 00 00 00 00 00 00 00 00 00 00 00 00 00 00
    000006a0: 75 73 68 61 72 65 00 00 00 00 00 00 00 00 00 00
    000006b0: 00 00 00 00 00 00 00 00 00 00 00 00 00 00 00 00
    000006c0: 00 00 00 00 00 00 00 00 00 00 00 00 00 00 00 00
    000006d0: 00 00 00 00 00 00 00 00 00 00 00 00 00 00 00 00
    000006e0: 00 00 00 00 00 00 08 00 44 49 53 4b 00 00 00 00
    000006f0: 00 00 00 00 00 00 00 00 00 00 00 00 00 00 00 00
    00000700: 00 00 00 00 00 00 00 00 6c 69 62 73 00 00 00 00
    00000710: 00 00 00 00 00 00 00 00 00 00 00 00 00 00 00 00
    00000720: 00 00 00 00 00 00 00 00 00 00 00 00 00 00 00 00
    00000730: 00 00 00 00 00 00 00 00 00 00 00 00 00 00 00 00
    00000740: 00 00 00 00 00 00 00 00 00 00 00 00 00 00 00 00
    00000750: 00 00 00 00 00 00 00 00 00 00 00 00 00 00 00 00
    00000760: 00 00 00 00 00 00 00 00 00 00 00 00 00 00 00 00
    00000770: 00 00 00 00 00 00 00 00 00 00 00 00 00 00 00 00
    00000780: 00 00 00 00 00 00 00 00 00 00 00 00 00 00 00 00
    00000790: 00 00 00 00 00 00 00 00 00 00 00 00 00 00 00 00
    000007a0: 00 00 00 00 00 00 00 00 00 00 00 00 00 00 00 00
    000007b0: 00 00 00 00 00 00 00 00 00 00 00 00 00 00 00 00
    000007c0: 00 00 00 00 00 00 00 00 00 00 00 00 00 00 00 00
    000007d0: 00 00 00 00 00 00 00 00 00 00 00 00 00 00 00 00
    000007e0: 00 00 00 00 00 00 00 00 00 00 00 00 00 00 00 00
    000007f0: 00 00 00 00 00 00 00 00 00 00 00 00 00 00 00 00
    00000800: 00 00 00 00 00 00 00 00 00 00 00 00 00 00 00 00
    00000810: 00 00 00 00 00 00 00 00 00 00 00 00 00 00 00 00
    00000820: 00 00 00 00 00 00 00 00 00 00 00 00 00 00 00 00
    00000830: 00 00 00 00 00 00 00 00 00 00 00 00 00 00 00 00
    00000840: 00 00 00 00 00 00 00 00 00 00 00 00 00 00 00 00
    00000850: 00 00 00 00 00 00 00 00 00 00 00 00 00 00 00 00
    00000860: 00 00 00 00 00 00 00 00 00 00 00 00 00 00 00 00
    00000870: 00 00 00 00 00 00 00 00 00 00 00 00 00 00 00 00
    00000880: 00 00 00 00 00 00 00 00 00 00 00 00 00 00 00 00
    00000890: 00 00 00 00 00 00 00 00 00 00 00 00 00 00 00 00
    000008a0: 00 00 00 00 00 00 00 00 00 00 00 00 00 00 00 00
    000008b0: 00 00 00 00 00 00 00 00 00 00 00 00 00 00 00 00
    000008c0: 00 00 00 00 00 00 00 00 00 00 00 00 00 00 00 00
    000008d0: 00 00 00 00 00 00 00 00 00 00 00 00 00 00 00 00
    000008e0: 00 00 00 00 00 00 00 00 00 00 00 00 00 00 00 00
    000008f0: 00 00 00 00 00 00 00 00 00 00 00 00 00 00 00 00
    00000900: 00 00 00 00 00 00 00 00 00 00 00 00 00 00 00 00
    00000910: 00 00 00 00 00 00 00 00 00 00 00 00 00 00 00 00
    00000920: 00 00 00 00 00 00 00 00 00 00 00 00 00 00 00 00
    00000930: 00 00 00 00 00 00 00 00 00 00 00 00 00 00 00 00
    00000940: 00 00 00 00 00 00 00 00 00 00 00 00 00 00 00 00
    00000950: 00 00 00 00 00 00 00 00 00 00 00 00 00 00 00 00
    00000960: 00 00 00 00 00 00 00 00 00 00 00 00 00 00 00 00
    00000970: 00 00 00 00 00 00 00 00 00 00 00 00 00 00 00 00
    00000980: 00 00 00 00 00 00 00 00 00 00 00 00 00 00 00 00
    00000990: 00 00 00 00 00 00 00 00 00 00 00 00 00 00 00 00
    000009a0: 00 00 00 00 00 00 00 00 00 00 00 00 00 00 00 00
    000009b0: 00 00 00 00 00 00 00 00 00 00 00 00 00 00 00 00
    000009c0: 00 00 00 00 00 00 00 00 00 00 00 00 00 00 00 00
    000009d0: 00 00 00 00 00 00 00 00 00 00 00 00 00 00 00 00
    000009e0: 00 00 00 00 00 00 00 00 00 00 00 00 00 00 00 00
    000009f0: 00 00 00 00 00 00 00 00 00 00 00 00 00 00 00 00
    00000a00: 00 00 00 00 00 00 00 00 00 00 00 00 00 00 00 00
    00000a10: 00 00 00 00 00 00 00 00 00 00 00 00 00 00 00 00
    00000a20: 00 00 00 00 00 00 00 00 00 00 00 00 00 00 00 00
    00000a30: 00 00 00 00 00 00 00 00 00 00 00 00 00 00 00 00
    00000a40: 00 00 00 00 00 00 00 00 00 00 00 00 00 00 00 00
    00000a50: 00 00 00 00 00 00 00 00 00 00 00 00 00 00 00 00
    00000a60: 00 00 00 00 00 00 00 00 00 00 00 00 00 00 00 00
    00000a70: 00 00 00 00 00 00 00 00 00 00 00 00 00 00 00 00
    00000a80: 00 00 00 00 00 00 00 00 06 00 00 00 62 6f 6f 74
    00000a90: 6c 6f 61 64 65 72 00 00 00 00 00 00 00 00 00 00
    00000aa0: 00 00 00 00 00 00 00 00 00 00 00 00 42 4f 4f 54
    00000ab0: 4c 4f 41 44 45 52 5f 30 30 30 30 30 00 00 00 00
    00000ac0: 00 00 00 00 00 00 00 00 00 00 00 00 00 00 00 00
    00000ad0: 00 00 00 00 00 00 00 00 00 00 00 00 00 00 00 00
    00000ae0: 00 00 00 00 00 00 00 00 00 00 00 00 00 65 6e 76
    00000af0: 00 00 00 00 00 00 00 00 00 00 00 00 00 00 00 00
    00000b00: 00 00 00 00 00 00 00 00 00 00 00 00 00 45 4e 56
    00000b10: 49 52 4f 4d 45 4e 54 5f 30 30 30 30 30 00 00 00
    00000b20: 00 00 00 00 00 00 00 00 00 00 00 00 00 00 00 00
    00000b30: 00 00 00 00 00 00 00 00 00 00 00 00 00 00 00 00
    00000b40: 00 00 00 00 00 00 00 00 00 00 00 00 00 00 72 6f
    00000b50: 6f 74 66 73 00 00 00 00 00 00 00 00 00 00 00 00
    00000b60: 00 00 00 00 00 00 00 00 00 00 00 00 00 00 52 4f
    00000b70: 4f 54 46 53 5f 30 30 30 30 30 30 30 30 30 00 00
    00000b80: 00 00 00 00 00 00 00 00 00 00 00 00 00 00 00 00
    00000b90: 00 00 00 00 00 00 00 00 00 00 00 00 00 00 00 00
    00000ba0: 00 00 00 00 00 00 00 00 00 00 00 00 00 00 00 75
    00000bb0: 6c 69 62 00 00 00 00 00 00 00 00 00 00 00 00 00
    00000bc0: 00 00 00 00 00 00 00 00 00 00 00 00 00 00 00 55
    00000bd0: 4c 49 42 5f 30 30 30 30 30 30 30 30 30 30 30 00
    00000be0: 00 00 00 00 00 00 00 00 00 00 00 00 00 00 00 00
    00000bf0: 00 00 00 00 00 00 00 00 00 00 00 00 00 00 00 00
    00000c00: 00 00 00 00 00 00 00 00 00 00 00 00 00 00 00 00
    00000c10: 75 73 68 61 72 65 00 00 00 00 00 00 00 00 00 00
    00000c20: 00 00 00 00 00 00 00 00 00 00 00 00 00 00 00 00
    00000c30: 55 53 48 41 52 45 5f 30 30 30 30 30 30 30 30 30
    00000c40: 00 00 00 00 00 00 00 00 00 00 00 00 00 00 00 00
    00000c50: 00 00 00 00 00 00 00 00 00 00 00 00 00 00 00 00
    00000c60: 00 00 00 00 00 00 00 00 00 00 00 00 00 00 00 00
    00000c70: 00 6c 69 62 73 00 00 00 00 00 00 00 00 00 00 00
    00000c80: 00 00 00 00 00 00 00 00 00 00 00 00 00 00 00 00
    00000c90: 00 4c 49 42 53 5f 30 30 30 30 30 30 30 30 30 30
    00000ca0: 30 00 00 00 00 00 00 00 00 00 00 00 00 00 00 00
    00000cb0: 00 00 00 00 00 00 00 00 00 00 00 00 00 00 00 00
    00000cc0: 00 00 00 00 00 00 00 00 00 00 00 00 00 00 00 00
    00000cd0: 00 00 00 00 00 00 00 00 00 00 00 00 00 00 00 00
    00000ce0: 00 00 00 00 00 00 00 00 00 00 00 00 00 00 00 00
    00000cf0: 00 00 00 00 00 00 00 00 00 00 00 00 00 00 00 00
    00000d00: 00 00 00 00 00 00 00 00 00 00 00 00 00 00 00 00
    00000d10: 00 00 00 00 00 00 00 00 00 00 00 00 00 00 00 00
    00000d20: 00 00 00 00 00 00 00 00 00 00 00 00 00 00 00 00
    00000d30: 00 00 01 00 00 00 00 00 00 00 00 00 00 00 00 00
    00000d40: 00 00 00 00 00 00 00 00 00 00 00 00 00 00 00 00
    00000d50: 00 00 00 00 00 00 00 00 00 00 00 00 00 00 00 00
    00000d60: 00 00 00 00 00 00 00 00 00 00 00 00 00 00 00 00
    00000d70: 00 00 00 00 00 00 00 00 00 00 00 00 00 00 00 00
    00000d80: 00 00 00 00 00 00 00 00 00 00 00 00 00 00 00 00
    00000d90: 00 00 00 01 00 00 00 00 00 00 00 00 00 00 00 00
    00000da0: 00 00 00 00 00 00 00 00 00 00 00 00 00 00 00 00
    00000db0: 00 00 00 00 00 00 00 00 00 00 00 00 00 00 00 00
    00000dc0: 00 00 00 00 00 00 00 00 00 00 00 00 00 00 00 00
    00000dd0: 00 00 00 00 00 00 00 00 00 00 00 00 00 00 00 00
    00000de0: 00 00 00 00 00 00 00 00 00 00 00 00 00 00 00 00
    00000df0: 00 00 00 00 01 00 00 00 00 00 00 00 00 00 00 00
    00000e00: 00 00 00 00 00 00 00 00 00 00 00 00 00 00 00 00
    00000e10: 00 00 00 00 00 00 00 00 00 00 00 00 00 00 00 00
    00000e20: 00 00 00 00 00 00 00 00 00 00 00 00 00 00 00 00
    00000e30: 00 00 00 00 00 00 00 00 00 00 00 00 00 00 00 00
    00000e40: 00 00 00 00 00 00 00 00 00 00 00 00 00 00 00 00
    00000e50: 00 00 00 00 00 01 00 00 00 00 00 00 00 00 00 00
    00000e60: 00 00 00 00 00 00 00 00 00 00 00 00 00 00 00 00
    00000e70: 00 00 00 00 00 00 00 00 00 00 00 00 00 00 00 00
    00000e80: 00 00 00 00 00 00 00 00 00 00 00 00 00 00 00 00
    00000e90: 00 00 00 00 00 00 00 00 00 00 00 00 00 00 00 00
    00000ea0: 00 00 00 00 00 00 00 00 00 00 00 00 00 00 00 00
    00000eb0: 00 00 00 00 00 00 01 00 00 00 00 00 00 00 00 00
    00000ec0: 00 00 00 00 00 00 00 00 00 00 00 00 00 00 00 00
    00000ed0: 00 00 00 00 00 00 00 00 00 00 00 00 00 00 00 00
    00000ee0: 00 00 00 00 00 00 00 00 00 00 00 00 00 00 00 00
    00000ef0: 00 00 00 00 00 00 00 00 00 00 00 00 00 00 00 00
    00000f00: 00 00 00 00 00 00 00 00 00 00 00 00 00 00 00 00
    00000f10: 00 00 00 00 00 00 00 01 00 00 00 00 00 00 00 00
    00000f20: 00 00 00 00 00 00 00 00 00 00 00 00 00 00 00 00
    00000f30: 00 00 00 00 00 00 00 00 00 00 00 00 00 00 00 00
    00000f40: 00 00 00 00 00 00 00 00 00 00 00 00 00 00 00 00
    00000f50: 00 00 00 00 00 00 00 00 00 00 00 00 00 00 00 00
    00000f60: 00 00 00 00 00 00 00 00 00 00 00 00 00 00 00 00
    00000f70: 00 00 00 00 00 00 00 00 01 00 00 00 00 00 00 00
    00000f80: 00 00 00 00 00 00 00 00 00 00 00 00 00 00 00 00
    00000f90: 00 00 00 00 00 00 00 00 00 00 00 00 00 00 00 00
    00000fa0: 00 00 00 00 00 00 00 00 00 00 00 00 00 00 00 00
    00000fb0: 00 00 00 00 00 00 00 00 00 00 00 00 00 00 00 00
    00000fc0: 00 00 00 00 00 00 00 00 00 00 00 00 00 00 00 00
    00000fd0: 00 00 00 00 00 00 00 00 00 01 00 00 00 00 00 00
    00000fe0: 00 00 00 00 00 00 00 00 00 00 00 00 00 00 00 00
    00000ff0: 00 00 00 00 00 00 00 00 00 00 00 00 00 00 00 00
    00001000: 00 00 00 00 00 00 00 00 00 00 00 00 00 00 00 00
    00001010: 00 00 00 00 00 00 00 00 00 00 00 00 00 00 00 00
    00001020: 00 00 00 00 00 00 00 00 00 00 00 00 00 00 00 00
    00001030: 00 00 00 00 00 00 00 00 00 00 00 00 00 00 00 00
    00001040: 00 00 00 00 00 00 00 00 00 00 00 00 00 00 00 00
    00001050: 00 00 00 00 00 00 00 00 00 00 00 00 00 00 00 00
    00001060: 00 00 00 00 00 00 00 00 00 00 00 00 00 00 00 00
    00001070: 00 00 00 00 00 00 00 00 00 00 00 00 00 00 00 00
    00001080: 00 00 00 00 00 00 00 00 00 00 00 00 00 00 00 00
    00001090: 00 00 00 00 00 00 00 00 00 00 00 00 00 00 00 00
    000010a0: 00 00 00 00 00 00 00 00 00 00 00 00 00 00 00 00
    000010b0: 00 00 00 00 00 00 00 00 00 00 00 00 00 00 00 00
    000010c0: 00 00 00 00 00 00 00 00 00 00 00 00 00 00 00 00
    000010d0: 00 00 00 00 00 00 00 00 00 00 00 00 00 00 00 00
    000010e0: 00 00 00 00 00 00 00 00 00 00 00 00 00 00 00 00
    000010f0: 00 00 00 00 00 00 00 00 00 00 00 00 00 00 00 00
    00001100: 00 00 00 00 00 00 00 00 00 00 00 00 00 00 00 00
    00001110: 00 00 00 00 00 00 00 00 00 00 00 00 00 00 00 00
    00001120: 00 00 00 00 00 00 00 00 00 00 00 00 00 00 00 00
    00001130: 00 00 00 00 00 00 00 00 00 00 00 00 00 00 00 00
    00001140: 00 00 00 00 00 00 00 00 00 00 00 00 00 00 00 00
    00001150: 00 00 00 00 00 00 00 00 00 00 00 00 00 00 00 00
    00001160: 00 00 00 00 00 00 00 00 00 00 00 00 00 00 00 00
    00001170: 00 00 00 00 00 00 00 00 00 00 00 00 00 00 00 00
    00001180: 00 00 00 00 00 00 00 00 00 00 00 00 00 00 00 00
    00001190: 00 00 00 00 00 00 00 00 00 00 00 00 00 00 00 00
    000011a0: 00 00 00 00 00 00 00 00 00 00 00 00 00 00 00 00
    000011b0: 00 00 00 00 00 00 00 00 00 00 00 00 00 00 00 00
    000011c0: 00 00 00 00 00 00 00 00 00 00 00 00 00 00 00 00
    000011d0: 00 00 00 00 00 00 00 00 00 00 00 00 00 00 00 00
    000011e0: 00 00 00 00 00 00 00 00 00 00 00 00 00 00 00 00
    000011f0: 00 00 00 00 00 00 00 00 00 00 00 00 00 00 00 00
    00001200: 00 00 00 00 00 00 00 00 00 00 00 00 00 00 00 00
    00001210: 00 00 00 00 00 00 00 00 00 00 00 00 00 00 00 00
    00001220: 00 00 00 00 00 00 00 00 00 00 00 00 00 00 00 00
    00001230: 00 00 00 00 00 00 00 00 00 00 00 00 00 00 00 00
    00001240: 00 00 00 00 00 00 00 00 00 00 00 00 00 00 00 00
    00001250: 00 00 00 00 00 00 00 00 00 00 00 00 00 00 00 00
    00001260: 00 00 00 00 00 00 00 00 00 00 00 00 00 00 00 00
    00001270: 00 00 00 00 00 00 00 00 00 00 00 00 00 00 00 00
    00001280: 00 00 00 00 00 00 00 00 00 00 00 00 00 00 00 00
    00001290: 00 00 00 00 00 00 00 00 00 00 00 00 00 00 00 00
    000012a0: 00 00 00 00 00 00 00 00 00 00 00 00 00 00 00 00
    000012b0: 00 00 00 00 00 00 00 00 00 00 00 00 00 00 00 00
    000012c0: 00 00 00 00 00 00 00 00 00 00 00 00 00 00 00 00
    000012d0: 00 00 00 00 00 00 00 00 00 00 00 00 00 00 00 00
    000012e0: 00 00 00 00 00 00 00 00 00 00 00 00 00 00 00 00
    000012f0: 00 00 00 00 00 00 00 00 00 00 00 00 00 00 00 00
    00001300: 00 00 00 00 00 00 00 00 00 00 00 00 00 00 00 00
    00001310: 00 00 00 00 00 00 00 00 00 00 00 00 00 00 00 00
    00001320: 00 00 00 00 00 00 00 00 00 00 00 00 00 00 00 00
    00001330: 00 00 00 00 00 00 00 00 00 00 00 00 00 00 00 00
    00001340: 00 00 00 00 00 00 00 00 00 00 00 00 00 00 00 00
    00001350: 00 00 00 00 00 00 00 00 00 00 00 00 00 00 00 00
    00001360: 01 00 00 00 00 00 00 00 00 00 00 00 00 00 00 00
    00001370: 00 00 00 00 00 00 00 00 00 00 00 00 00 00 00 00
    00001380: 00 00 00 00 00 00 00 00 00 00 00 00 00 00 00 00
    00001390: 00 00 00 00 00 00 00 00 00 00 00 00 00 00 00 00
    000013a0: 00 00 00 00 00 00 00 00 00 00 00 00 00 00 00 00
    000013b0: 00 00 00 00 00 00 00 00 00 00 00 00 00 00 00 00
    000013c0: 00 00 00 00 00 00 00 00 00 00 00 00 00 00 00 00
    000013d0: 00 00 00 00 00 00 00 00 00 00 00 00 00 00 00 00
    000013e0: 00 00 00 00 00 00 00 00 00 00 00 00 00 00 00 00
    000013f0: 00 00 00 00 00 00 00 00 00 00 00 00 00 00 00 00
    00001400: 00 00 00 00 00 00 00 00 00 00 00 00 00 00 00 00
    00001410: 00 00 00 00 00 00 00 00 00 00 00 00 00 00 00 00
    00001420: 00 00 00 00 00 00 00 00 00 00 00 00 00 00 00 00
    00001430: 00 00 00 00 00 00 00 00 00 00 00 00 00 00 00 00
    00001440: 00 00 00 00 00 00 00 00 00 00 00 00 00 00 00 00
    00001450: 00 00 00 00 00 00 00 00 00 00 00 00 00 00 00 00
    00001460: 00 00 00 00 00 00 00 00 00 00 00 00 00 00 00 00
    00001470: 00 00 00 00 00 00 00 00 00 00 00 00 00 00 00 00
    00001480: 00 00 00 00 00 00 00 00 00 00 00 00 00 00 00 00
    00001490: 00 00 00 00 00 00 00 00 00 00 00 00 00 00 00 00
    000014a0: 00 00 00 00 00 00 00 00 00 00 00 00 00 00 00 00
    000014b0: 00 00 00 00 00 00 00 00 00 00 00 00 00 00 00 00
    000014c0: 00 00 00 00 00 00 00 00 00 00 00 00 00 00 00 00
    000014d0: 00 00 00 00 00 00 00 00 00 00 00 00 00 00 00 00
    000014e0: 00 00 00 00 00 00 00 00 00 00 00 00 00 00 00 00
    000014f0: 00 00 00 00 00 00 00 00 00 00 00 00 00 00 00 00
    00001500: 00 00 00 00 00 00 00 00 00 00 00 00 00 00 00 00
    00001510: 00 00 00 00 00 00 00 00 00 00 00 00 00 00 00 00
    00001520: 00 00 00 00 00 00 00 00 00 00 00 00 00 00 00 00
    00001530: 00 00 00 00 00 00 00 00 00 00 00 00 00 00 00 00
    00001540: 00 00 00 00 00 00 00 00 00 00 00 00 00 00 00 00
    00001550: 00 00 00 00 00 00 00 00 00 00 00 00 00 00 00 00
    00001560: 00 00 00 00 00 00 00 00 00 00 00 00 00 00 00 00
    00001570: 00 00 00 00 00 00 00 00
