    00000000: 00 00 00 02 00 00 00 02 00 01 00 02 80 00 00 00
    00000010: 00 00 00 00 00 00 00 00 c1 4a 7c 00 00 00 00 00
    00000020: 00 00 00 00 00 00 00 00 00 00 00 00 00 00 00 00
    00000030: 00 00 00 00 00 00 00 00 00 00 00 00 00 00 00 00
    00000040: 00 00 00 00 00 00 00 00 00 00 00 00 00 00 00 00
    00000050: 00 00 00 00 00 00 00 00 00 00 00 00 00 00 00 40
    00000060: e0 01 00 00 03 00 00 00 01 00 00 00 00 10 00 00
    00000070: 10 00 00 00 20 00 00 00 06 00 00 00 7b 00 00 00
    00000080: 00 00 00 00 00 04 00 00 92 66 92 30 90 10 00 00
    00000090: c8 a0 01 00 00 00 00 00 00 00 00 00 00 00 00 00
    000000a0: 00 00 00 00 00 00 00 00 00 00 00 00 00 00 00 00
    000000b0: 00 00 00 00
